000000000000
000000000000
000000000000
000000000000
000000000000
000000000000
000000000000
000000000000
000000000000
000000000000
000000000000
000000000000
000000000000
000000000000
000000000000
000000000000
000000000000
000000000000
000000000000
000000000000
000000000000
000000000000
000000000000
000000000000
000000000000
000000000000
000000000000
000000000000
000000000000
000000000000
000000000000
000000000000
000000000000
000000000000
000000000000
000000000000
000000000000
000000000000
000000000000
000000000000
000000000000
000000000000
000000000000
000000000000
000000000000
000000000000
000000000000
000000000000
000000000000
000000000000
000000000000
000000000000
000000000000
000000000000
000000000000
000000000000
000000000000
000000000000
000000000000
000000000000
000000000000
000000000000
000000000000
000000000000
000000000000
000000000000
000000000000
000000000000
000000000000
000000000000
000000000000
000000000000
000000000000
000000000000
000000000000
000000000000
000000000000
000000000000
000000000000
000000000000
000000000000
000000000000
000000000000
000000000000
000000000000
000000000000
000000000000
000000000000
000000000000
000000000000
000000000000
000000000000
000000000000
000000000000
000000000000
000000000000
000000000000
000000000000
000000000000
000000000000
000000000000
000000000000
000000000000
000000000000
000000000000
000000000000
000000000000
000000000000
000000000000
000000000000
000000000000
000000000000
000000000000
000000000000
000000000000
000000000000
000000000000
000000000000
000000000000
000000000000
000000000000
000000000000
000000000000
000000000000
000000000000
000000000000
000000000000
000000000000
000000000000
000000000000
000000000000
000000000000
000000000000
000000000000
000000000000
000000000000
000000000000
000000000000
000000000000
000000000000
000000000000
000000000000
000000000000
000000000000
000000000000
000000000000
000000000000
000000000000
000000000000
000000000000
000000000000
000000000000
000000000000
000000000000
000000000000
000000000000
000000000000
000000000000
000000000000
000000000000
000000000000
000000000000
000000000000
000000000000
000000000000
000000000000
000000000000
000000000000
000000000001
000000000001
000000000001
000000000001
000000000001
000000000001
000000000001
000000000001
000000000001
000000000001
000000000001
000000000001
000000000001
000000000001
000000000001
000000000001
000000000001
000000000001
000000000001
000000000001
000000000001
000000000001
000000000001
000000000001
000000000001
000000000001
000000000001
000000000001
000000000001
000000000001
000000000001
000000000001
000000000001
000000000001
000000000001
000000000001
000000000001
000000000001
000000000001
000000000001
000000000001
000000000001
000000000001
000000000001
000000000001
000000000001
000000000001
000000000001
000000000001
000000000001
000000000001
000000000001
000000000001
000000000001
000000000001
000000000001
000000000001
000000000001
000000000001
000000000001
000000000001
000000000001
000000000001
000000000001
000000000001
000000000001
000000000001
000000000001
000000000001
000000000010
000000000010
000000000010
000000000010
000000000010
000000000010
000000000010
000000000010
000000000010
000000000010
000000000010
000000000010
000000000010
000000000010
000000000010
000000000010
000000000010
000000000010
000000000010
000000000010
000000000010
000000000010
000000000010
000000000010
000000000010
000000000010
000000000010
000000000010
000000000010
000000000010
000000000010
000000000010
000000000010
000000000010
000000000010
000000000010
000000000010
000000000010
000000000010
000000000010
000000000010
000000000011
000000000011
000000000011
000000000011
000000000011
000000000011
000000000011
000000000011
000000000011
000000000011
000000000011
000000000011
000000000011
000000000011
000000000011
000000000011
000000000011
000000000011
000000000011
000000000011
000000000011
000000000011
000000000011
000000000011
000000000011
000000000011
000000000011
000000000011
000000000100
000000000100
000000000100
000000000100
000000000100
000000000100
000000000100
000000000100
000000000100
000000000100
000000000100
000000000100
000000000100
000000000100
000000000100
000000000100
000000000100
000000000100
000000000100
000000000100
000000000100
000000000100
000000000100
000000000101
000000000101
000000000101
000000000101
000000000101
000000000101
000000000101
000000000101
000000000101
000000000101
000000000101
000000000101
000000000101
000000000101
000000000101
000000000101
000000000101
000000000101
000000000110
000000000110
000000000110
000000000110
000000000110
000000000110
000000000110
000000000110
000000000110
000000000110
000000000110
000000000110
000000000110
000000000110
000000000110
000000000111
000000000111
000000000111
000000000111
000000000111
000000000111
000000000111
000000000111
000000000111
000000000111
000000000111
000000000111
000000000111
000000000111
000000001000
000000001000
000000001000
000000001000
000000001000
000000001000
000000001000
000000001000
000000001000
000000001000
000000001000
000000001001
000000001001
000000001001
000000001001
000000001001
000000001001
000000001001
000000001001
000000001001
000000001001
000000001001
000000001010
000000001010
000000001010
000000001010
000000001010
000000001010
000000001010
000000001010
000000001010
000000001010
000000001011
000000001011
000000001011
000000001011
000000001011
000000001011
000000001011
000000001011
000000001100
000000001100
000000001100
000000001100
000000001100
000000001100
000000001100
000000001100
000000001101
000000001101
000000001101
000000001101
000000001101
000000001101
000000001101
000000001101
000000001110
000000001110
000000001110
000000001110
000000001110
000000001110
000000001110
000000001111
000000001111
000000001111
000000001111
000000001111
000000001111
000000010000
000000010000
000000010000
000000010000
000000010000
000000010000
000000010001
000000010001
000000010001
000000010001
000000010001
000000010001
000000010010
000000010010
000000010010
000000010010
000000010010
000000010011
000000010011
000000010011
000000010011
000000010011
000000010100
000000010100
000000010100
000000010100
000000010100
000000010101
000000010101
000000010101
000000010101
000000010101
000000010110
000000010110
000000010110
000000010110
000000010111
000000010111
000000010111
000000010111
000000010111
000000011000
000000011000
000000011000
000000011000
000000011001
000000011001
000000011001
000000011001
000000011010
000000011010
000000011010
000000011011
000000011011
000000011011
000000011011
000000011100
000000011100
000000011100
000000011101
000000011101
000000011101
000000011101
000000011110
000000011110
000000011110
000000011111
000000011111
000000011111
000000100000
000000100000
000000100000
000000100001
000000100001
000000100001
000000100010
000000100010
000000100010
000000100011
000000100011
000000100011
000000100100
000000100100
000000100100
000000100101
000000100101
000000100110
000000100110
000000100110
000000100111
000000100111
000000100111
000000101000
000000101000
000000101001
000000101001
000000101010
000000101010
000000101010
000000101011
000000101011
000000101100
000000101100
000000101101
000000101101
000000101101
000000101110
000000101110
000000101111
000000101111
000000110000
000000110000
000000110001
000000110001
000000110010
000000110010
000000110011
000000110011
000000110100
000000110100
000000110101
000000110101
000000110110
000000110111
000000110111
000000111000
000000111000
000000111001
000000111001
000000111010
000000111011
000000111011
000000111100
000000111100
000000111101
000000111110
000000111110
000000111111
000000111111
000001000000
000001000001
000001000001
000001000010
000001000011
000001000011
000001000100
000001000101
000001000101
000001000110
000001000111
000001001000
000001001000
000001001001
000001001010
000001001011
000001001011
000001001100
000001001101
000001001110
000001001110
000001001111
000001010000
000001010001
000001010010
000001010010
000001010011
000001010100
000001010101
000001010110
000001010111
000001011000
000001011000
000001011001
000001011010
000001011011
000001011100
000001011101
000001011110
000001011111
000001100000
000001100001
000001100010
000001100011
000001100100
000001100101
000001100110
000001100111
000001101000
000001101001
000001101010
000001101011
000001101100
000001101101
000001101110
000001101111
000001110001
000001110010
000001110011
000001110100
000001110101
000001110110
000001111000
000001111001
000001111010
000001111011
000001111100
000001111110
000001111111
000010000000
000010000010
000010000011
000010000100
000010000101
000010000111
000010001000
000010001010
000010001011
000010001100
000010001110
000010001111
000010010001
000010010010
000010010100
000010010101
000010010111
000010011000
000010011010
000010011011
000010011101
000010011110
000010100000
000010100010
000010100011
000010100101
000010100110
000010101000
000010101010
000010101100
000010101101
000010101111
000010110001
000010110011
000010110100
000010110110
000010111000
000010111010
000010111100
000010111110
000011000000
000011000001
000011000011
000011000101
000011000111
000011001001
000011001011
000011001101
000011010000
000011010010
000011010100
000011010110
000011011000
000011011010
000011011100
000011011111
000011100001
000011100011
000011100101
000011101000
000011101010
000011101100
000011101111
000011110001
000011110100
000011110110
000011111001
000011111011
000011111110
000100000000
000100000011
000100000101
000100001000
000100001011
000100001101
000100010000
000100010011
000100010110
000100011000
000100011011
000100011110
000100100001
000100100100
000100100111
000100101010
000100101101
000100110000
000100110011
000100110110
000100111001
000100111100
000100111111
000101000011
000101000110
000101001001
000101001100
000101010000
000101010011
000101010111
000101011010
000101011101
000101100001
000101100101
000101101000
000101101100
000101101111
000101110011
000101110111
000101111011
000101111110
000110000010
000110000110
000110001010
000110001110
000110010010
000110010110
000110011010
000110011110
000110100010
000110100111
000110101011
000110101111
000110110100
000110111000
000110111100
000111000001
000111000101
000111001010
000111001111
000111010011
000111011000
000111011101
000111100001
000111100110
000111101011
000111110000
000111110101
000111111010
000111111111
001000000100
001000001010
001000001111
001000010100
001000011001
001000011111
001000100100
001000101010
001000101111
001000110101
001000111011
001001000000
001001000110
001001001100
001001010010
001001011000
001001011110
001001100100
001001101010
001001110001
001001110111
001001111101
001010000100
001010001010
001010010001
001010010111
001010011110
001010100101
001010101011
001010110010
001010111001
001011000000
001011000111
001011001110
001011010110
001011011101
001011100100
001011101100
001011110011
001011111011
001100000011
001100001010
001100010010
001100011010
001100100010
001100101010
001100110010
001100111010
001101000011
001101001011
001101010100
001101011100
001101100101
001101101110
001101110110
001101111111
001110001000
001110010001
001110011011
001110100100
001110101101
001110110111
001111000000
001111001010
001111010100
001111011110
001111101000
001111110010
001111111100
010000000110
010000010000
010000011011
010000100101
010000110000
010000111011
010001000110
010001010001
010001011100
010001100111
010001110010
010001111110
010010001001
010010010101
010010100001
010010101101
010010111001
010011000101
010011010001
010011011110
010011101010
010011110111
010100000100
010100010000
010100011101
010100101011
010100111000
010101000101
010101010011
010101100001
010101101110
010101111100
010110001011
010110011001
010110100111
010110110110
010111000100
010111010011
010111100010
010111100100
010111100101
010111100111
010111101000
010111101010
010111101011
010111101101
010111101110
010111110000
010111110001
010111110011
010111110101
010111110110
010111111000
010111111001
010111111011
010111111100
010111111110
010111111111
011000000001
011000000010
011000000100
011000000101
011000000111
011000001000
011000001010
011000001100
011000001101
011000001111
011000010000
011000010010
011000010011
011000010101
011000010110
011000011000
011000011010
011000011011
011000011101
011000011110
011000100000
011000100001
011000100011
011000100101
011000100110
011000101000
011000101001
011000101011
011000101100
011000101110
011000110000
011000110001
011000110011
011000110100
011000110110
011000111000
011000111001
011000111011
011000111100
011000111110
011001000000
011001000001
011001000011
011001000100
011001000110
011001001000
011001001001
011001001011
011001001100
011001001110
011001010000
011001010001
011001010011
011001010100
011001010110
011001011000
011001011001
011001011011
011001011101
011001011110
011001100000
011001100001
011001100011
011001100101
011001100110
011001101000
011001101010
011001101011
011001101101
011001101111
011001110000
011001110010
011001110100
011001110101
011001110111
011001111001
011001111010
011001111100
011001111101
011001111111
011010000001
011010000010
011010000100
011010000110
011010000111
011010001001
011010001011
011010001101
011010001110
011010010000
011010010010
011010010011
011010010101
011010010111
011010011000
011010011010
011010011100
011010011101
011010011111
011010100001
011010100010
011010100100
011010100110
011010101000
011010101001
011010101011
011010101101
011010101110
011010110000
011010110010
011010110100
011010110101
011010110111
011010111001
011010111010
011010111100
011010111110
011011000000
011011000001
011011000011
011011000101
011011000111
011011001000
011011001010
011011001100
011011001101
011011001111
011011010001
011011010011
011011010100
011011010110
011011011000
011011011010
011011011011
011011011101
011011011111
011011100001
011011100010
011011100100
011011100110
011011101000
011011101010
011011101011
011011101101
011011101111
011011110001
011011110010
011011110100
011011110110
011011111000
011011111010
011011111011
011011111101
011011111111
011100000001
011100000011
011100000100
011100000110
011100001000
011100001010
011100001100
011100001101
011100001111
011100010001
011100010011
011100010101
011100010110
011100011000
011100011010
011100011100
011100011110
011100011111
011100100001
011100100011
011100100101
011100100111
011100101001
011100101010
011100101100
011100101110
011100110000
011100110010
011100110100
011100110101
011100110111
011100111001
011100111011
011100111101
011100111111
011101000001
011101000010
011101000100
011101000110
011101001000
011101001010
011101001100
011101001110
011101010000
011101010001
011101010011
011101010101
011101010111
011101011001
011101011011
011101011101
011101011111
011101100000
011101100010
011101100100
011101100110
011101101000
011101101010
011101101100
011101101110
011101110000
011101110010
011101110011
011101110101
011101110111
011101111001
011101111011
011101111101
011101111111
011110000001
011110000011
011110000101
011110000111
011110001001
011110001010
011110001100
011110001110
011110010000
011110010010
011110010100
011110010110
011110011000
011110011010
011110011100
011110011110
011110100000
011110100010
011110100100
011110100110
011110101000
011110101010
011110101100
011110101110
011110101111
011110110001
011110110011
011110110101
011110110111
011110111001
011110111011
011110111101
011110111111
011111000001
011111000011
011111000101
011111000111
011111001001
011111001011
011111001101
011111001111
011111010001
011111010011
011111010101
011111010111
011111011001
011111011011
011111011101
011111011111
011111100001
011111100011
011111100101
011111100111
011111101001
011111101011
011111101101
011111101111
011111110010
011111110100
011111110110
011111111000
011111111010
011111111100
011111111110
100000000000
100000000010
100000000100
100000000110
100000001000
100000001010
100000001100
100000001110
100000010000
100000010010
100000010100
100000010110
100000011001
100000011011
100000011101
100000011111
100000100001
100000100011
100000100101
100000100111
100000101001
100000101011
100000101101
100000101111
100000110010
100000110100
100000110110
100000111000
100000111010
100000111100
100000111110
100001000000
100001000010
100001000101
100001000111
100001001001
100001001011
100001001101
100001001111
100001010001
100001010011
100001010110
100001011000
100001011010
100001011100
100001011110
100001100000
100001100010
100001100101
100001100111
100001101001
100001101011
100001101101
100001101111
100001110001
100001110100
100001110110
100001111000
100001111010
100001111100
100001111110
100010000001
100010000011
100010000101
100010000111
100010001001
100010001100
100010001110
100010010000
100010010010
100010010100
100010010111
100010011001
100010011011
100010011101
100010011111
100010100010
100010100100
100010100110
100010101000
100010101010
100010101101
100010101111
100010110001
100010110011
100010110110
100010111000
100010111010
100010111100
100010111110
100011000001
100011000011
100011000101
100011000111
100011001010
100011001100
100011001110
100011010000
100011010011
100011010101
100011010111
100011011001
100011011100
100011011110
100011100000
100011100011
100011100101
100011100111
100011101001
100011101100
100011101110
100011110000
100011110011
100011110101
100011110111
100011111001
100011111100
100011111110
100100000000
100100000011
100100000101
100100000111
100100001010
100100001100
100100001110
100100010001
100100010011
100100010101
100100011000
100100011010
100100011100
100100011110
100100100001
100100100011
100100100110
100100101000
100100101010
100100101101
100100101111
100100110001
100100110100
100100110110
100100111000
100100111011
100100111101
100100111111
100101000010
100101000100
100101000111
100101001001
100101001011
100101001110
100101010000
100101010010
100101010101
100101010111
100101011010
100101011100
100101011110
100101100001
100101100011
100101100110
100101101000
100101101010
100101101101
100101101111
100101110010
100101110100
100101110111
100101111001
100101111011
100101111110
100110000000
100110000011
100110000101
100110001000
100110001010
100110001100
100110001111
100110010001
100110010100
100110010110
100110011001
100110011011
100110011110
100110100000
100110100011
100110100101
100110100111
100110101010
100110101100
100110101111
100110110001
100110110100
100110110110
100110111001
100110111011
100110111110
100111000000
100111000011
100111000101
100111001000
100111001010
100111001101
100111001111
100111010010
100111010100
100111010111
100111011001
100111011100
100111011110
100111100001
100111100100
100111100110
100111101001
100111101011
100111101110
100111110000
100111110011
100111110101
100111111000
100111111010
100111111101
101000000000
101000000010
101000000101
101000000111
101000001010
101000001100
101000001111
101000010001
101000010100
101000010111
101000011001
101000011100
101000011110
101000100001
101000100100
101000100110
101000101001
101000101011
101000101110
101000110001
101000110011
101000110110
101000111000
101000111011
101000111110
101001000000
101001000011
101001000110
101001001000
101001001011
101001001101
101001010000
101001010011
101001010101
101001011000
101001011011
101001011101
101001100000
101001100011
101001100101
101001101000
101001101011
101001101101
101001110000
101001110011
101001110101
101001111000
101001111011
101001111101
101010000000
101010000011
101010000101
101010001000
101010001011
101010001110
101010010000
101010010011
101010010110
101010011000
101010011011
101010011110
101010100001
101010100011
101010100110
101010101001
101010101011
101010101110
101010110001
101010110100
101010110110
101010111001
101010111100
101010111111
101011000001
101011000100
101011000111
101011001010
101011001100
101011001111
101011010010
101011010101
101011010111
101011011010
101011011101
101011100000
101011100011
101011100101
101011101000
101011101011
101011101110
101011110001
101011110011
101011110110
101011111001
101011111100
101011111111
101100000001
101100000100
101100000111
101100001010
101100001101
101100010000
101100010010
101100010101
101100011000
101100011011
101100011110
101100100001
101100100011
101100100110
101100101001
101100101100
101100101111
101100110010
101100110101
101100111000
101100111010
101100111101
101101000000
101101000011
101101000110
101101001001
101101001100
101101001111
101101010001
101101010100
101101010111
101101011010
101101011101
101101100000
101101100011
101101100110
101101101001
101101101100
101101101111
101101110010
101101110100
101101110111
101101111010
101101111101
101110000000
101110000011
101110000110
101110001001
101110001100
101110001111
101110010010
101110010101
101110011000
101110011011
101110011110
101110100001
101110100100
101110100111
101110101010
101110101101
101110110000
101110110011
101110110110
101110111001
101110111100
101110111111
101111000010
101111000101
101111001000
101111001011
101111001110
101111010001
101111010100
101111010111
101111011010
101111011101
101111100000
101111100011
101111100110
101111101001
101111101100
101111101111
101111110010
101111110101
101111111000
101111111011
101111111111
110000000010
110000000101
110000001000
110000001011
110000001110
110000010001
110000010100
110000010111
110000011010
110000011101
110000100000
110000100100
110000100111
110000101010
110000101101
110000110000
110000110011
110000110110
110000111001
110000111101
110001000000
110001000011
110001000110
110001001001
110001001100
110001001111
110001010011
110001010110
110001011001
110001011100
110001011111
110001100010
110001100110
110001101001
110001101100
110001101111
110001110010
110001110101
110001111001
110001111100
110001111111
110010000010
110010000101
110010001001
110010001100
110010001111
110010010010
110010010110
110010011001
110010011100
110010011111
110010100010
110010100110
110010101001
110010101100
110010101111
110010110011
110010110110
110010111001
110010111100
110011000000
110011000011
110011000110
110011001001
110011001101
110011010000
110011010011
110011010111
110011011010
110011011101
110011100000
110011100100
110011100111
110011101010
110011101110
110011110001
110011110100
110011111000
110011111011
110011111110
110100000010
110100000101
110100001000
110100001100
110100001111
110100010010
110100010110
110100011001
110100011100
110100100000
110100100011
110100100110
110100101010
110100101101
110100110001
110100110100
110100110111
110100111011
110100111110
110101000010
110101000101
110101001000
110101001100
110101001111
110101010011
110101010110
110101011001
110101011101
110101100000
110101100100
110101100111
110101101010
110101101110
110101110001
110101110101
110101111000
110101111100
110101111111
110110000011
110110000110
110110001010
110110001101
110110010000
110110010100
110110010111
110110011011
110110011110
110110100010
110110100101
110110101001
110110101100
110110110000
110110110011
110110110111
110110111010
110110111110
110111000001
110111000101
110111001000
110111001100
110111010000
110111010011
110111010111
110111011010
110111011110
110111100001
110111100101
110111101000
110111101100
110111110000
110111110011
110111110111
110111111010
110111111110
111000000001
111000000101
111000001001
111000001100
111000010000
111000010011
111000010111
111000011011
111000011110
111000100010
111000100101
111000101001
111000101101
111000110000
111000110100
111000111000
111000111011
111000111111
111001000011
111001000110
111001001010
111001001110
111001010001
111001010101
111001011001
111001011100
111001100000
111001100100
111001100111
111001101011
111001101111
111001110010
111001110110
111001111010
111001111010
111001111011
111001111011
111001111100
111001111100
111001111100
111001111101
111001111101
111001111101
111001111110
111001111110
111001111111
111001111111
111001111111
111010000000
111010000000
111010000000
111010000001
111010000001
111010000010
111010000010
111010000010
111010000011
111010000011
111010000011
111010000100
111010000100
111010000100
111010000101
111010000101
111010000110
111010000110
111010000110
111010000111
111010000111
111010000111
111010001000
111010001000
111010001001
111010001001
111010001001
111010001010
111010001010
111010001010
111010001011
111010001011
111010001100
111010001100
111010001100
111010001101
111010001101
111010001101
111010001110
111010001110
111010001111
111010001111
111010001111
111010010000
111010010000
111010010000
111010010001
111010010001
111010010010
111010010010
111010010010
111010010011
111010010011
111010010011
111010010100
111010010100
111010010100
111010010101
111010010101
111010010110
111010010110
111010010110
111010010111
111010010111
111010010111
111010011000
111010011000
111010011001
111010011001
111010011001
111010011010
111010011010
111010011010
111010011011
111010011011
111010011100
111010011100
111010011100
111010011101
111010011101
111010011101
111010011110
111010011110
111010011111
111010011111
111010011111
111010100000
111010100000
111010100000
111010100001
111010100001
111010100010
111010100010
111010100010
111010100011
111010100011
111010100011
111010100100
111010100100
111010100101
111010100101
111010100101
111010100110
111010100110
111010100110
111010100111
111010100111
111010101000
111010101000
111010101000
111010101001
111010101001
111010101001
111010101010
111010101010
111010101011
111010101011
111010101011
111010101100
111010101100
111010101100
111010101101
111010101101
111010101110
111010101110
111010101110
111010101111
111010101111
111010101111
111010110000
111010110000
111010110001
111010110001
111010110001
111010110010
111010110010
111010110010
111010110011
111010110011
111010110100
111010110100
111010110100
111010110101
111010110101
111010110101
111010110110
111010110110
111010110111
111010110111
111010110111
111010111000
111010111000
111010111001
111010111001
111010111001
111010111010
111010111010
111010111010
111010111011
111010111011
111010111100
111010111100
111010111100
111010111101
111010111101
111010111101
111010111110
111010111110
111010111111
111010111111
111010111111
111011000000
111011000000
111011000000
111011000001
111011000001
111011000010
111011000010
111011000010
111011000011
111011000011
111011000011
111011000100
111011000100
111011000101
111011000101
111011000101
111011000110
111011000110
111011000110
111011000111
111011000111
111011001000
111011001000
111011001000
111011001001
111011001001
111011001010
111011001010
111011001010
111011001011
111011001011
111011001011
111011001100
111011001100
111011001101
111011001101
111011001101
111011001110
111011001110
111011001110
111011001111
111011001111
111011010000
111011010000
111011010000
111011010001
111011010001
111011010001
111011010010
111011010010
111011010011
111011010011
111011010011
111011010100
111011010100
111011010100
111011010101
111011010101
111011010110
111011010110
111011010110
111011010111
111011010111
111011011000
111011011000
111011011000
111011011001
111011011001
111011011001
111011011010
111011011010
111011011011
111011011011
111011011011
111011011100
111011011100
111011011100
111011011101
111011011101
111011011110
111011011110
111011011110
111011011111
111011011111
111011100000
111011100000
111011100000
111011100001
111011100001
111011100001
111011100010
111011100010
111011100011
111011100011
111011100011
111011100100
111011100100
111011100100
111011100101
111011100101
111011100110
111011100110
111011100110
111011100111
111011100111
111011101000
111011101000
111011101000
111011101001
111011101001
111011101001
111011101010
111011101010
111011101011
111011101011
111011101011
111011101100
111011101100
111011101100
111011101101
111011101101
111011101110
111011101110
111011101110
111011101111
111011101111
111011110000
111011110000
111011110000
111011110001
111011110001
111011110001
111011110010
111011110010
111011110011
111011110011
111011110011
111011110100
111011110100
111011110101
111011110101
111011110101
111011110110
111011110110
111011110110
111011110111
111011110111
111011111000
111011111000
111011111000
111011111001
111011111001
111011111010
111011111010
111011111010
111011111011
111011111011
111011111011
111011111100
111011111100
111011111101
111011111101
111011111101
111011111110
111011111110
111011111110
111011111111
111011111111
111100000000
111100000000
111100000000
111100000001
111100000001
111100000010
111100000010
111100000010
111100000011
111100000011
111100000011
111100000100
111100000100
111100000101
111100000101
111100000101
111100000110
111100000110
111100000111
111100000111
111100000111
111100001000
111100001000
111100001000
111100001001
111100001001
111100001010
111100001010
111100001010
111100001011
111100001011
111100001100
111100001100
111100001100
111100001101
111100001101
111100001101
111100001110
111100001110
111100001111
111100001111
111100001111
111100010000
111100010000
111100010001
111100010001
111100010001
111100010010
111100010010
111100010011
111100010011
111100010011
111100010100
111100010100
111100010100
111100010101
111100010101
111100010110
111100010110
111100010110
111100010111
111100010111
111100011000
111100011000
111100011000
111100011001
111100011001
111100011001
111100011010
111100011010
111100011011
111100011011
111100011011
111100011100
111100011100
111100011101
111100011101
111100011101
111100011110
111100011110
111100011110
111100011111
111100011111
111100100000
111100100000
111100100000
111100100001
111100100001
111100100010
111100100010
111100100010
111100100011
111100100011
111100100100
111100100100
111100100100
111100100101
111100100101
111100100101
111100100110
111100100110
111100100111
111100100111
111100100111
111100101000
111100101000
111100101001
111100101001
111100101001
111100101010
111100101010
111100101011
111100101011
111100101011
111100101100
111100101100
111100101100
111100101101
111100101101
111100101110
111100101110
111100101110
111100101111
111100101111
111100110000
111100110000
111100110000
111100110001
111100110001
111100110010
111100110010
111100110010
111100110011
111100110011
111100110011
111100110100
111100110100
111100110101
111100110101
111100110101
111100110110
111100110110
111100110111
111100110111
111100110111
111100111000
111100111000
111100111001
111100111001
111100111001
111100111010
111100111010
111100111010
111100111011
111100111011
111100111100
111100111100
111100111100
111100111101
111100111101
111100111110
111100111110
111100111110
111100111111
111100111111
111101000000
111101000000
111101000000
111101000001
111101000001
111101000001
111101000010
111101000010
111101000011
111101000011
111101000011
111101000100
111101000100
111101000101
111101000101
111101000101
111101000110
111101000110
111101000111
111101000111
111101000111
111101001000
111101001000
111101001001
111101001001
111101001001
111101001010
111101001010
111101001010
111101001011
111101001011
111101001100
111101001100
111101001100
111101001101
111101001101
111101001110
111101001110
111101001110
111101001111
111101001111
111101010000
111101010000
111101010000
111101010001
111101010001
111101010010
111101010010
111101010010
111101010011
111101010011
111101010011
111101010100
111101010100
111101010101
111101010101
111101010101
111101010110
111101010110
111101010111
111101010111
111101010111
111101011000
111101011000
111101011001
111101011001
111101011001
111101011010
111101011010
111101011011
111101011011
111101011011
111101011100
111101011100
111101011101
111101011101
111101011101
111101011110
111101011110
111101011111
111101011111
111101011111
111101100000
111101100000
111101100000
111101100001
111101100001
111101100010
111101100010
111101100010
111101100011
111101100011
111101100100
111101100100
111101100100
111101100101
111101100101
111101100110
111101100110
111101100110
111101100111
111101100111
111101101000
111101101000
111101101000
111101101001
111101101001
111101101010
111101101010
111101101010
111101101011
111101101011
111101101100
111101101100
111101101100
111101101101
111101101101
111101101101
111101101110
111101101110
111101101111
111101101111
111101101111
111101110000
111101110000
111101110001
111101110001
111101110001
111101110010
111101110010
111101110011
111101110011
111101110011
111101110100
111101110100
111101110101
111101110101
111101110101
111101110110
111101110110
111101110111
111101110111
111101110111
111101111000
111101111000
111101111001
111101111001
111101111001
111101111010
111101111010
111101111011
111101111011
111101111011
111101111100
111101111100
111101111101
111101111101
111101111101
111101111110
111101111110
111101111111
111101111111
111101111111
111110000000
111110000000
111110000000
111110000001
111110000001
111110000010
111110000010
111110000010
111110000011
111110000011
111110000100
111110000100
111110000100
111110000101
111110000101
111110000110
111110000110
111110000110
111110000111
111110000111
111110001000
111110001000
111110001000
111110001001
111110001001
111110001010
111110001010
111110001010
111110001011
111110001011
111110001100
111110001100
111110001100
111110001101
111110001101
111110001110
111110001110
111110001110
111110001111
111110001111
111110010000
111110010000
111110010000
111110010001
111110010001
111110010010
111110010010
111110010010
111110010011
111110010011
111110010100
111110010100
111110010100
111110010101
111110010101
111110010110
111110010110
111110010110
111110010111
111110010111
111110011000
111110011000
111110011000
111110011001
111110011001
111110011010
111110011010
111110011010
111110011011
111110011011
111110011100
111110011100
111110011100
111110011101
111110011101
111110011110
111110011110
111110011110
111110011111
111110011111
111110100000
111110100000
111110100000
111110100001
111110100001
111110100010
111110100010
111110100010
111110100011
111110100011
111110100100
111110100100
111110100100
111110100101
111110100101
111110100110
111110100110
111110100110
111110100111
111110100111
111110101000
111110101000
111110101000
111110101001
111110101001
111110101010
111110101010
111110101010
111110101011
111110101011
111110101100
111110101100
111110101100
111110101101
111110101101
111110101110
111110101110
111110101110
111110101111
111110101111
111110110000
111110110000
111110110000
111110110001
111110110001
111110110010
111110110010
111110110010
111110110011
111110110011
111110110100
111110110100
111110110100
111110110101
111110110101
111110110110
111110110110
111110110110
111110110111
111110110111
111110111000
111110111000
111110111000
111110111001
111110111001
111110111010
111110111010
111110111010
111110111011
111110111011
111110111100
111110111100
111110111100
111110111101
111110111101
111110111110
111110111110
111110111110
111110111111
111110111111
111111000000
111111000000
111111000001
111111000001
111111000001
111111000010
111111000010
111111000011
111111000011
111111000011
111111000100
111111000100
111111000101
111111000101
111111000101
111111000110
111111000110
111111000111
111111000111
111111000111
111111001000
111111001000
111111001001
111111001001
111111001001
111111001010
111111001010
111111001011
111111001011
111111001011
111111001100
111111001100
111111001101
111111001101
111111001101
111111001110
111111001110
111111001111
111111001111
111111001111
111111010000
111111010000
111111010001
111111010001
111111010001
111111010010
111111010010
111111010011
111111010011
111111010100
111111010100
111111010100
111111010101
111111010101
111111010110
111111010110
111111010110
111111010111
111111010111
111111010111
111111010111
111111010111
111111010111
111111010111
111111010111
111111010111
111111010111
111111010111
111111010111
111111010111
111111010111
111111010111
111111010111
111111010111
111111010111
111111011000
111111011000
111111011000
111111011000
111111011000
111111011000
111111011000
111111011000
111111011000
111111011000
111111011000
111111011000
111111011000
111111011000
111111011000
111111011000
111111011000
111111011000
111111011000
111111011000
111111011000
111111011000
111111011000
111111011000
111111011000
111111011001
111111011001
111111011001
111111011001
111111011001
111111011001
111111011001
111111011001
111111011001
111111011001
111111011001
111111011001
111111011001
111111011001
111111011001
111111011001
111111011001
111111011001
111111011001
111111011001
111111011001
111111011001
111111011001
111111011001
111111011010
111111011010
111111011010
111111011010
111111011010
111111011010
111111011010
111111011010
111111011010
111111011010
111111011010
111111011010
111111011010
111111011010
111111011010
111111011010
111111011010
111111011010
111111011010
111111011010
111111011010
111111011010
111111011010
111111011010
111111011010
111111011011
111111011011
111111011011
111111011011
111111011011
111111011011
111111011011
111111011011
111111011011
111111011011
111111011011
111111011011
111111011011
111111011011
111111011011
111111011011
111111011011
111111011011
111111011011
111111011011
111111011011
111111011011
111111011011
111111011011
111111011011
111111011100
111111011100
111111011100
111111011100
111111011100
111111011100
111111011100
111111011100
111111011100
111111011100
111111011100
111111011100
111111011100
111111011100
111111011100
111111011100
111111011100
111111011100
111111011100
111111011100
111111011100
111111011100
111111011100
111111011100
111111011101
111111011101
111111011101
111111011101
111111011101
111111011101
111111011101
111111011101
111111011101
111111011101
111111011101
111111011101
111111011101
111111011101
111111011101
111111011101
111111011101
111111011101
111111011101
111111011101
111111011101
111111011101
111111011101
111111011101
111111011101
111111011110
111111011110
111111011110
111111011110
111111011110
111111011110
111111011110
111111011110
111111011110
111111011110
111111011110
111111011110
111111011110
111111011110
111111011110
111111011110
111111011110
111111011110
111111011110
111111011110
111111011110
111111011110
111111011110
111111011110
111111011110
111111011111
111111011111
111111011111
111111011111
111111011111
111111011111
111111011111
111111011111
111111011111
111111011111
111111011111
111111011111
111111011111
111111011111
111111011111
111111011111
111111011111
111111011111
111111011111
111111011111
111111011111
111111011111
111111011111
111111011111
111111100000
111111100000
111111100000
111111100000
111111100000
111111100000
111111100000
111111100000
111111100000
111111100000
111111100000
111111100000
111111100000
111111100000
111111100000
111111100000
111111100000
111111100000
111111100000
111111100000
111111100000
111111100000
111111100000
111111100000
111111100000
111111100001
111111100001
111111100001
111111100001
111111100001
111111100001
111111100001
111111100001
111111100001
111111100001
111111100001
111111100001
111111100001
111111100001
111111100001
111111100001
111111100001
111111100001
111111100001
111111100001
111111100001
111111100001
111111100001
111111100001
111111100010
111111100010
111111100010
111111100010
111111100010
111111100010
111111100010
111111100010
111111100010
111111100010
111111100010
111111100010
111111100010
111111100010
111111100010
111111100010
111111100010
111111100010
111111100010
111111100010
111111100010
111111100010
111111100010
111111100010
111111100010
111111100011
111111100011
111111100011
111111100011
111111100011
111111100011
111111100011
111111100011
111111100011
111111100011
111111100011
111111100011
111111100011
111111100011
111111100011
111111100011
111111100011
111111100011
111111100011
111111100011
111111100011
111111100011
111111100011
111111100011
111111100011
111111100100
111111100100
111111100100
111111100100
111111100100
111111100100
111111100100
111111100100
111111100100
111111100100
111111100100
111111100100
111111100100
111111100100
111111100100
111111100100
111111100100
111111100100
111111100100
111111100100
111111100100
111111100100
111111100100
111111100100
111111100101
111111100101
111111100101
111111100101
111111100101
111111100101
111111100101
111111100101
111111100101
111111100101
111111100101
111111100101
111111100101
111111100101
111111100101
111111100101
111111100101
111111100101
111111100101
111111100101
111111100101
111111100101
111111100101
111111100101
111111100101
111111100110
111111100110
111111100110
111111100110
111111100110
111111100110
111111100110
111111100110
111111100110
111111100110
111111100110
111111100110
111111100110
111111100110
111111100110
111111100110
111111100110
111111100110
111111100110
111111100110
111111100110
111111100110
111111100110
111111100110
111111100111
111111100111
111111100111
111111100111
111111100111
111111100111
111111100111
111111100111
111111100111
111111100111
111111100111
111111100111
111111100111
111111100111
111111100111
111111100111
111111100111
111111100111
111111100111
111111100111
111111100111
111111100111
111111100111
111111100111
111111100111
111111101000
111111101000
111111101000
111111101000
111111101000
111111101000
111111101000
111111101000
111111101000
111111101000
111111101000
111111101000
111111101000
111111101000
111111101000
111111101000
111111101000
111111101000
111111101000
111111101000
111111101000
111111101000
111111101000
111111101000
111111101001
111111101001
111111101001
111111101001
111111101001
111111101001
111111101001
111111101001
111111101001
111111101001
111111101001
111111101001
111111101001
111111101001
111111101001
111111101001
111111101001
111111101001
111111101001
111111101001
111111101001
111111101001
111111101001
111111101001
111111101001
111111101010
111111101010
111111101010
111111101010
111111101010
111111101010
111111101010
111111101010
111111101010
111111101010
111111101010
111111101010
111111101010
111111101010
111111101010
111111101010
111111101010
111111101010
111111101010
111111101010
111111101010
111111101010
111111101010
111111101010
111111101011
111111101011
111111101011
111111101011
111111101011
111111101011
111111101011
111111101011
111111101011
111111101011
111111101011
111111101011
111111101011
111111101011
111111101011
111111101011
111111101011
111111101011
111111101011
111111101011
111111101011
111111101011
111111101011
111111101011
111111101011
111111101100
111111101100
111111101100
111111101100
111111101100
111111101100
111111101100
111111101100
111111101100
111111101100
111111101100
111111101100
111111101100
111111101100
111111101100
111111101100
111111101100
111111101100
111111101100
111111101100
111111101100
111111101100
111111101100
111111101100
111111101100
111111101101
111111101101
111111101101
111111101101
111111101101
111111101101
111111101101
111111101101
111111101101
111111101101
111111101101
111111101101
111111101101
111111101101
111111101101
111111101101
111111101101
111111101101
111111101101
111111101101
111111101101
111111101101
111111101101
111111101101
111111101110
111111101110
111111101110
111111101110
111111101110
111111101110
111111101110
111111101110
111111101110
111111101110
111111101110
111111101110
111111101110
111111101110
111111101110
111111101110
111111101110
111111101110
111111101110
111111101110
111111101110
111111101110
111111101110
111111101110
111111101110
111111101111
111111101111
111111101111
111111101111
111111101111
111111101111
111111101111
111111101111
111111101111
111111101111
111111101111
111111101111
111111101111
111111101111
111111101111
111111101111
111111101111
111111101111
111111101111
111111101111
111111101111
111111101111
111111101111
111111101111
111111110000
111111110000
111111110000
111111110000
111111110000
111111110000
111111110000
111111110000
111111110000
111111110000
111111110000
111111110000
111111110000
111111110000
111111110000
111111110000
111111110000
111111110000
111111110000
111111110000
111111110000
111111110000
111111110000
111111110000
111111110000
111111110001
111111110001
111111110001
111111110001
111111110001
111111110001
111111110001
111111110001
111111110001
111111110001
111111110001
111111110001
111111110001
111111110001
111111110001
111111110001
111111110001
111111110001
111111110001
111111110001
111111110001
111111110001
111111110001
111111110001
111111110010
111111110010
111111110010
111111110010
111111110010
111111110010
111111110010
111111110010
111111110010
111111110010
111111110010
111111110010
111111110010
111111110010
111111110010
111111110010
111111110010
111111110010
111111110010
111111110010
111111110010
111111110010
111111110010
111111110010
111111110010
111111110011
111111110011
111111110011
111111110011
111111110011
111111110011
111111110011
111111110011
111111110011
111111110011
111111110011
111111110011
111111110011
111111110011
111111110011
111111110011
111111110011
111111110011
111111110011
111111110011
111111110011
111111110011
111111110011
111111110011
111111110100
111111110100
111111110100
111111110100
111111110100
111111110100
111111110100
111111110100
111111110100
111111110100
111111110100
111111110100
111111110100
111111110100
111111110100
111111110100
111111110100
111111110100
111111110100
111111110100
111111110100
111111110100
111111110100
111111110100
111111110100
111111110101
111111110101
111111110101
111111110101
111111110101
111111110101
111111110101
111111110101
111111110101
111111110101
111111110101
111111110101
111111110101
111111110101
111111110101
111111110101
111111110101
111111110101
111111110101
111111110101
111111110101
111111110101
111111110101
111111110101
111111110110
111111110110
111111110110
111111110110
111111110110
111111110110
111111110110
111111110110
111111110110
111111110110
111111110110
111111110110
111111110110
111111110110
111111110110
111111110110
111111110110
111111110110
111111110110
111111110110
111111110110
111111110110
111111110110
111111110110
111111110110
111111110111
111111110111
111111110111
111111110111
111111110111
111111110111
111111110111
111111110111
111111110111
111111110111
111111110111
111111110111
111111110111
111111110111
111111110111
111111110111
111111110111
111111110111
111111110111
111111110111
111111110111
111111110111
111111110111
111111110111
111111111000
111111111000
111111111000
111111111000
111111111000
111111111000
111111111000
111111111000
111111111000
111111111000
111111111000
111111111000
111111111000
111111111000
111111111000
111111111000
111111111000
111111111000
111111111000
111111111000
111111111000
111111111000
111111111000
111111111000
111111111001
111111111001
111111111001
111111111001
111111111001
111111111001
111111111001
111111111001
111111111001
111111111001
111111111001
111111111001
111111111001
111111111001
111111111001
111111111001
111111111001
111111111001
111111111001
111111111001
111111111001
111111111001
111111111001
111111111001
111111111001
111111111010
111111111010
111111111010
111111111010
111111111010
111111111010
111111111010
111111111010
111111111010
111111111010
111111111010
111111111010
111111111010
111111111010
111111111010
111111111010
111111111010
111111111010
111111111010
111111111010
111111111010
111111111010
111111111010
111111111010
111111111011
111111111011
111111111011
111111111011
111111111011
111111111011
111111111011
111111111011
111111111011
111111111011
111111111011
111111111011
111111111011
111111111011
111111111011
111111111011
111111111011
111111111011
111111111011
111111111011
111111111011
111111111011
111111111011
111111111011
111111111011
111111111011
111111111011
111111111011
111111111011
111111111011
111111111011
111111111011
111111111011
111111111011
111111111011
111111111011
111111111011
111111111011
111111111011
111111111011
111111111011
111111111011
111111111011
111111111011
111111111011
111111111100
111111111100
111111111100
111111111100
111111111100
111111111100
111111111100
111111111100
111111111100
111111111100
111111111100
111111111100
111111111100
111111111100
111111111100
111111111100
111111111100
111111111100
111111111100
111111111100
111111111100
111111111100
111111111100
111111111100
111111111100
111111111100
111111111100
111111111100
111111111100
111111111100
111111111100
111111111100
111111111100
111111111100
111111111100
111111111100
111111111100
111111111100
111111111100
111111111100
111111111100
111111111100
111111111100
111111111100
111111111100
111111111100
111111111100
111111111100
111111111100
111111111100
111111111100
111111111100
111111111100
111111111100
111111111100
111111111100
111111111100
111111111100
111111111100
111111111100
111111111100
111111111100
111111111100
111111111100
111111111100
111111111100
111111111100
111111111100
111111111100
111111111100
111111111100
111111111100
111111111100
111111111100
111111111100
111111111100
111111111100
111111111100
111111111100
111111111100
111111111100
111111111100
111111111100
111111111100
111111111100
111111111100
111111111100
111111111100
111111111100
111111111100
111111111100
111111111100
111111111100
111111111100
111111111100
111111111100
111111111100
111111111100
111111111100
111111111100
111111111100
111111111100
111111111100
111111111100
111111111100
111111111100
111111111100
111111111100
111111111100
111111111100
111111111100
111111111100
111111111100
111111111100
111111111100
111111111100
111111111100
111111111100
111111111100
111111111100
111111111100
111111111100
111111111100
111111111100
111111111100
111111111100
111111111100
111111111100
111111111100
111111111100
111111111100
111111111100
111111111100
111111111100
111111111100
111111111100
111111111100
111111111100
111111111100
111111111100
111111111100
111111111100
111111111100
111111111100
111111111100
111111111100
111111111100
111111111100
111111111100
111111111100
111111111100
111111111100
111111111100
111111111100
111111111100
111111111100
111111111100
111111111100
111111111100
111111111100
111111111100
111111111100
111111111100
111111111100
111111111100
111111111100
111111111100
111111111100
111111111100
111111111100
111111111100
111111111100
111111111100
111111111100
111111111100
111111111100
111111111100
111111111100
111111111100
111111111100
111111111100
111111111100
111111111100
111111111100
111111111100
111111111100
111111111100
111111111100
111111111100
111111111100
111111111100
111111111100
111111111100
111111111100
111111111100
111111111100
111111111100
111111111100
111111111100
111111111100
111111111100
111111111100
111111111100
111111111100
111111111100
111111111100
111111111100
111111111100
111111111100
111111111100
111111111100
111111111100
111111111100
111111111100
111111111100
111111111100
111111111100
111111111100
111111111100
111111111100
111111111100
111111111100
111111111100
111111111100
111111111100
111111111100
111111111100
111111111100
111111111100
111111111100
111111111100
111111111100
111111111100
111111111100
111111111100
111111111100
111111111100
111111111100
111111111100
111111111100
111111111100
111111111100
111111111100
111111111100
111111111100
111111111101
111111111101
111111111101
111111111101
111111111101
111111111101
111111111101
111111111101
111111111101
111111111101
111111111101
111111111101
111111111101
111111111101
111111111101
111111111101
111111111101
111111111101
111111111101
111111111101
111111111101
111111111101
111111111101
111111111101
111111111101
111111111101
111111111101
111111111101
111111111101
111111111101
111111111101
111111111101
111111111101
111111111101
111111111101
111111111101
111111111101
111111111101
111111111101
111111111101
111111111101
111111111101
111111111101
111111111101
111111111101
111111111101
111111111101
111111111101
111111111101
111111111101
111111111101
111111111101
111111111101
111111111101
111111111101
111111111101
111111111101
111111111101
111111111101
111111111101
111111111101
111111111101
111111111101
111111111101
111111111101
111111111101
111111111101
111111111101
111111111101
111111111101
111111111101
111111111101
111111111101
111111111101
111111111101
111111111101
111111111101
111111111101
111111111101
111111111101
111111111101
111111111101
111111111101
111111111101
111111111101
111111111101
111111111101
111111111101
111111111101
111111111101
111111111101
111111111101
111111111101
111111111101
111111111101
111111111101
111111111101
111111111101
111111111101
111111111101
111111111101
111111111101
111111111101
111111111101
111111111101
111111111101
111111111101
111111111101
111111111101
111111111101
111111111101
111111111101
111111111101
111111111101
111111111101
111111111101
111111111101
111111111101
111111111101
111111111101
111111111101
111111111101
111111111101
111111111101
111111111101
111111111101
111111111101
111111111101
111111111101
111111111101
111111111101
111111111101
111111111101
111111111101
111111111101
111111111101
111111111101
111111111101
111111111101
111111111101
111111111101
111111111101
111111111101
111111111101
111111111101
111111111101
111111111101
111111111101
111111111101
111111111101
111111111101
111111111101
111111111101
111111111101
111111111101
111111111101
111111111101
111111111101
111111111101
111111111101
111111111101
111111111101
111111111101
111111111101
111111111101
111111111101
111111111101
111111111101
111111111101
111111111101
111111111101
111111111101
111111111101
111111111101
111111111101
111111111101
111111111101
111111111101
111111111101
111111111101
111111111101
111111111101
111111111101
111111111101
111111111101
111111111101
111111111101
111111111101
111111111101
111111111101
111111111101
111111111101
111111111101
111111111101
111111111101
111111111101
111111111101
111111111101
111111111101
111111111101
111111111101
111111111101
111111111101
111111111101
111111111101
111111111101
111111111101
111111111101
111111111101
111111111101
111111111101
111111111101
111111111101
111111111101
111111111101
111111111101
111111111101
111111111101
111111111101
111111111101
111111111101
111111111101
111111111101
111111111101
111111111101
111111111101
111111111101
111111111101
111111111101
111111111101
111111111101
111111111101
111111111101
111111111101
111111111101
111111111101
111111111101
111111111101
111111111101
111111111101
111111111101
111111111101
111111111101
111111111101
111111111110
111111111110
111111111110
111111111110
111111111110
111111111110
111111111110
111111111110
111111111110
111111111110
111111111110
111111111110
111111111110
111111111110
111111111110
111111111110
111111111110
111111111110
111111111110
111111111110
111111111110
111111111110
111111111110
111111111110
111111111110
111111111110
111111111110
111111111110
111111111110
111111111110
111111111110
111111111110
111111111110
111111111110
111111111110
111111111110
111111111110
111111111110
111111111110
111111111110
111111111110
111111111110
111111111110
111111111110
111111111110
111111111110
111111111110
111111111110
111111111110
111111111110
111111111110
111111111110
111111111110
111111111110
111111111110
111111111110
111111111110
111111111110
111111111110
111111111110
111111111110
111111111110
111111111110
111111111110
111111111110
111111111110
111111111110
111111111110
111111111110
111111111110
111111111110
111111111110
111111111110
111111111110
111111111110
111111111110
111111111110
111111111110
111111111110
111111111110
111111111110
111111111110
111111111110
111111111110
111111111110
111111111110
111111111110
111111111110
111111111110
111111111110
111111111110
111111111110
111111111110
111111111110
111111111110
111111111110
111111111110
111111111110
111111111110
111111111110
111111111110
111111111110
111111111110
111111111110
111111111110
111111111110
111111111110
111111111110
111111111110
111111111110
111111111110
111111111110
111111111110
111111111110
111111111110
111111111110
111111111110
111111111110
111111111110
111111111110
111111111110
111111111110
111111111110
111111111110
111111111110
111111111110
111111111110
111111111110
111111111110
111111111110
111111111110
111111111110
111111111110
111111111110
111111111110
111111111110
111111111110
111111111110
111111111110
111111111110
111111111110
111111111110
111111111110
111111111110
111111111110
111111111110
111111111110
111111111110
111111111110
111111111110
111111111110
111111111110
111111111110
111111111110
111111111110
111111111110
111111111110
111111111110
111111111110
111111111110
111111111110
111111111110
111111111110
111111111110
111111111110
111111111110
111111111110
111111111110
111111111110
111111111110
111111111110
111111111110
111111111110
111111111110
111111111110
111111111110
111111111110
111111111110
111111111110
111111111110
111111111110
111111111110
111111111110
111111111110
111111111110
111111111110
111111111110
111111111110
111111111110
111111111110
111111111110
111111111110
111111111110
111111111110
111111111110
111111111110
111111111110
111111111110
111111111110
111111111110
111111111110
111111111110
111111111110
111111111110
111111111110
111111111110
111111111110
111111111110
111111111110
111111111110
111111111110
111111111110
111111111110
111111111110
111111111110
111111111110
111111111110
111111111110
111111111110
111111111110
111111111110
111111111110
111111111110
111111111110
111111111110
111111111110
111111111110
111111111110
111111111110
111111111110
111111111110
111111111110
111111111110
111111111110
111111111110
111111111110
111111111110
111111111110
111111111110
111111111110
111111111110
111111111110
111111111110
111111111110
111111111111
111111111111
111111111111
111111111111
111111111111
111111111111
111111111111
111111111111
111111111111
111111111111
111111111111
111111111111
111111111111
111111111111
111111111111
111111111111
111111111111
111111111111
111111111111
111111111111
111111111111
111111111111
111111111111
111111111111
111111111111
111111111111
111111111111
111111111111
111111111111
111111111111
111111111111
111111111111
111111111111
111111111111
111111111111
111111111111
111111111111
111111111111
111111111111
111111111111
111111111111
111111111111
111111111111
111111111111
111111111111
111111111111
111111111111
111111111111
111111111111
111111111111
111111111111
111111111111
111111111111
111111111111
111111111111
111111111111
111111111111
111111111111
111111111111
111111111111
111111111111
111111111111
111111111111
111111111111
111111111111
111111111111
111111111111
111111111111
111111111111
111111111111
111111111111
111111111111
111111111111
111111111111
111111111111
111111111111
111111111111
111111111111
111111111111
111111111111
111111111111
111111111111
111111111111
111111111111
111111111111
111111111111
111111111111
111111111111
111111111111
111111111111
111111111111
111111111111
111111111111
111111111111
111111111111
111111111111
111111111111
111111111111
111111111111
111111111111
111111111111
111111111111
111111111111
111111111111
111111111111
111111111111
111111111111
111111111111
111111111111
111111111111
111111111111
111111111111
111111111111
111111111111
111111111111
111111111111
111111111111
111111111111
111111111111
111111111111
111111111111
111111111111
111111111111
111111111111
111111111111
111111111111
111111111111
111111111111
111111111111
111111111111
111111111111
111111111111
111111111111
111111111111
111111111111
111111111111
111111111111
111111111111
111111111111
111111111111
111111111111
111111111111
111111111111
111111111111
111111111111
111111111111
111111111111
111111111111
111111111111
111111111111
111111111111
111111111111
111111111111
111111111111
111111111111
111111111111
111111111111
111111111111
111111111111
111111111111
111111111111
111111111111
111111111111
111111111111
111111111111
111111111111
111111111111
111111111111
111111111111
111111111111
111111111111
111111111111
111111111111
111111111111
111111111111
111111111111
111111111111
111111111111
111111111111
111111111111
111111111111
111111111111
111111111111
111111111111
111111111111
111111111111
111111111111
111111111111
111111111111
111111111111
111111111111
111111111111
111111111111
111111111111
111111111111
111111111111
111111111111
111111111111
111111111111
111111111111
111111111111
111111111111
111111111111
111111111111
111111111111
111111111111
111111111111
111111111111
111111111111
111111111111
111111111111
111111111111
111111111111
111111111111
111111111111
111111111111
111111111111
111111111111
111111111111
111111111111
111111111111
111111111111
111111111111
111111111111
111111111111
111111111111
111111111111
111111111111
111111111111
111111111111
111111111111
111111111111
111111111111
111111111111
111111111111
111111111111
111111111111
111111111111
111111111111
111111111111
111111111111
111111111111
111111111111
111111111111
111111111111
111111111111
111111111111
111111111111
111111111111
111111111111
111111111111
111111111111
111111111111
111111111111
111111111111
111111111111
111111111111
111111111111
111111111111
111111111111
111111111111
111111111111
111111111111
111111111111
111111111111
111111111111
111111111111
111111111111
111111111111
111111111111
111111111111
111111111111
111111111111
111111111111
111111111111
111111111111
111111111111
111111111111
111111111111
111111111111
111111111111
111111111111
111111111111
111111111111
111111111111
111111111111
111111111111
111111111111
111111111111
111111111111
111111111111
111111111111
111111111111
111111111111
111111111111
111111111111
111111111111
111111111111
111111111111
111111111111
111111111111
111111111111
111111111111
111111111111
111111111111
111111111111
111111111111
111111111111
111111111111
111111111111
111111111111
111111111111
111111111111
111111111111
111111111111
111111111111
111111111111
111111111111
111111111111
111111111111
111111111111
111111111111
111111111111
111111111111
111111111111
111111111111
111111111111
111111111111
111111111111
111111111111
111111111111
111111111111
111111111111
111111111111
111111111111
111111111111
111111111111
111111111111
111111111111
111111111111
111111111111
111111111111
111111111111
111111111111
111111111111
111111111111
111111111111
111111111111
111111111111
111111111111
111111111111
111111111111
111111111111
111111111111
111111111111
111111111111
111111111111
111111111111
111111111111
111111111111
111111111111
111111111111
111111111111
111111111111
111111111111
111111111111
111111111111
111111111111
111111111111
111111111111
111111111111
111111111111
111111111111
111111111111
111111111111
111111111111
111111111111
111111111111
111111111111
111111111111
111111111111
111111111111
111111111111
111111111111
111111111111
111111111111
111111111111
111111111111
111111111111
111111111111
111111111111
111111111111
111111111111
111111111111
111111111111
111111111111
111111111111
111111111111
111111111111
111111111111
111111111111
111111111111
111111111111
111111111111
111111111111
111111111111
111111111111
111111111111
111111111111
111111111111
111111111111
111111111111
111111111111
111111111111
111111111111
111111111111
111111111111
111111111111
111111111111
111111111111
111111111111
111111111111
111111111111
111111111111
111111111111
111111111111
111111111111
111111111111
111111111111
111111111111
111111111111
111111111111
111111111111
111111111111
111111111111
111111111111
111111111111
111111111111
111111111111
111111111111
111111111111
111111111111
111111111111
111111111111
111111111111
111111111111
111111111111
111111111111
111111111111
111111111111
111111111111
111111111111
111111111111
111111111111
111111111111
111111111111
111111111111
111111111111
111111111111
111111111111
111111111111
111111111111
111111111111
111111111111
111111111111
111111111111
111111111111
111111111111
111111111111
111111111111
111111111111
111111111111
111111111111
111111111111
111111111111
111111111111
111111111111
111111111111
111111111111
111111111111
111111111111
111111111111
111111111111
111111111111
111111111111
111111111111
111111111111
111111111111
111111111111
111111111111
111111111111
111111111111
111111111111
111111111111
111111111111
111111111111
111111111111
111111111111
111111111111
111111111111
111111111111
111111111111
111111111111
111111111111
111111111111
111111111111
111111111111
111111111111
111111111111
111111111111
111111111111
111111111111
111111111111
111111111111
111111111111
111111111111
111111111111
111111111111
111111111111
111111111111
111111111111
111111111111
111111111111
111111111111
111111111111
111111111111
111111111111
111111111111
111111111111
111111111111
111111111111
111111111111
111111111111
111111111111
111111111111
111111111111
111111111111
111111111111
111111111111
111111111111
111111111111
111111111111
111111111111
111111111111
111111111111
111111111111
111111111111
111111111111
111111111111
111111111111
111111111111
111111111111
111111111111
111111111111
111111111111
111111111111
111111111111
111111111111
111111111111
111111111111
111111111111
111111111111
111111111111
111111111111
111111111111
111111111111
111111111111
111111111111
111111111111
111111111111
111111111111
111111111111
111111111111
111111111111
111111111111
111111111111
111111111111
111111111111
111111111111
111111111111
111111111111
111111111111
111111111111
111111111111
111111111111
111111111111
111111111111
111111111111
111111111111
111111111111
111111111111
111111111111
111111111111
111111111111
111111111111
111111111111
111111111111
111111111111
111111111111
111111111111
111111111111
111111111111
111111111111
111111111111
111111111111
111111111111
111111111111
111111111111
111111111111
111111111111
111111111111
111111111111
111111111111
111111111111
111111111111
111111111111
111111111111
111111111111
111111111111
111111111111
111111111111
111111111111
111111111111
111111111111
111111111111
111111111111
111111111111
111111111111
111111111111
111111111111
111111111111
111111111111
111111111111
111111111111
111111111111
111111111111
111111111111
111111111111
111111111111
111111111111
111111111111
111111111111
111111111111
111111111111
111111111111
111111111111
111111111111
111111111111
111111111111
111111111111
111111111111
111111111111
111111111111
111111111111
111111111111
111111111111
111111111111
111111111111
111111111111
111111111111
111111111111
111111111111
111111111111
111111111111
111111111111
111111111111
111111111111
111111111111
111111111111
111111111111
111111111111
111111111111
111111111111
111111111111
111111111111
111111111111
111111111111
111111111111
111111111111
111111111111
111111111111
111111111111
111111111111
111111111111
111111111111
111111111111
111111111111
111111111111
111111111111
111111111111
111111111111
111111111111
111111111111
111111111111
111111111111
111111111111
111111111111
111111111111
111111111111
111111111111
111111111111
111111111111
111111111111
111111111111
111111111111
111111111111
111111111111
111111111111
111111111111
111111111111
111111111111
111111111111
111111111111
111111111111
111111111111
111111111111
111111111111
111111111111
111111111111
111111111111
111111111111
111111111111
111111111111
111111111111
111111111111
111111111111
111111111111
111111111111
111111111111
111111111111
111111111111
111111111111
111111111111
111111111111
111111111111
111111111111
111111111111
111111111111
111111111111
111111111111
111111111111
111111111111
111111111111
111111111111
111111111111
111111111111
111111111111
111111111111
111111111111
111111111111
111111111111
111111111111
111111111111
111111111111
111111111111
111111111111
111111111111
111111111111
111111111111
111111111111
111111111111
111111111111
111111111111
111111111111
111111111111
111111111111
111111111111
111111111111
111111111111
111111111111
111111111111
111111111111
111111111111
111111111111
111111111111
111111111111
111111111111
111111111111
111111111111
111111111111
111111111111
111111111111
111111111111
111111111111
111111111111
111111111111
111111111111
111111111111
111111111111
111111111111
111111111111
111111111111
111111111111
111111111111
111111111111
111111111111
111111111111
111111111111
111111111111
111111111111
111111111111
111111111111
111111111111
111111111111
111111111111
111111111111
111111111111
111111111111
111111111111
111111111111
111111111111
111111111111
111111111111
111111111111
111111111111
111111111111
111111111111
111111111111
111111111111
111111111111
111111111111
111111111111
111111111111
111111111111
111111111111
111111111111
111111111111
111111111111
111111111111
111111111111
111111111111
111111111111
111111111111
111111111111
111111111111
111111111111
111111111111
111111111111
111111111111
111111111111
111111111111
111111111111
111111111111
111111111111
111111111111
111111111111
111111111111
111111111111
111111111111
111111111111
111111111111
111111111111
111111111111
111111111111
111111111111
111111111111
111111111111
111111111111
111111111111
111111111111
111111111111
111111111111
111111111111
111111111111
111111111111
111111111111
111111111111
111111111111
111111111111
111111111111
111111111111
111111111111
111111111111
111111111111
111111111111
111111111111
111111111111
111111111111
111111111111
111111111111
111111111111
111111111111
111111111111
111111111111
111111111111
111111111111
111111111111
111111111111
111111111111
111111111111
111111111111
111111111111
111111111111
111111111111
111111111111
111111111111
111111111111
111111111111
111111111111
111111111111
111111111111
111111111111
111111111111
111111111111
111111111111
111111111111
111111111111
111111111111
111111111111
111111111111
111111111111
111111111111
111111111111
111111111111
111111111111
111111111111
111111111111
111111111111
111111111111
111111111111
111111111111
111111111111
111111111111
111111111111
111111111111
111111111111
111111111111
111111111111
111111111111
111111111111
111111111111
111111111111
111111111111
111111111111
111111111111
111111111111
111111111111
111111111111
111111111111
111111111111
111111111111
111111111111
111111111111
111111111111
111111111111
111111111111
111111111111
111111111111
111111111111
111111111111
111111111111
111111111111
111111111111
111111111111
111111111111
111111111111
111111111111
111111111111
111111111111
111111111111
111111111111
111111111111
111111111111
111111111111
111111111111
111111111111
111111111111
111111111111
111111111111
111111111111
111111111111
111111111111
111111111111
111111111111
111111111111
111111111111
111111111111
111111111111
111111111111
111111111111
111111111111
111111111111
111111111111
111111111111
111111111111
111111111111
111111111111
111111111111
111111111111
111111111111
111111111111
111111111111
111111111111
111111111111
111111111111
111111111111
111111111111
111111111111
111111111111
111111111111
111111111111
111111111111
111111111111
111111111111
111111111111
111111111111
111111111111
111111111111
111111111111
111111111111
111111111111
111111111111
111111111111
111111111111
111111111111
111111111111
111111111111
111111111111
111111111111
111111111111
111111111111
111111111111
111111111111
111111111111
111111111111
111111111111
111111111111
111111111111
111111111111
111111111111
111111111111
111111111111
111111111111
111111111111
111111111111
111111111111
111111111111
111111111111
111111111111
111111111111
111111111111
111111111111
111111111111
111111111111
111111111111
111111111111
111111111111
111111111111
111111111111
111111111111
111111111111
111111111111
111111111111
111111111111
111111111111
111111111111
111111111111
111111111111
111111111111
111111111111
111111111111
111111111111
111111111111
111111111111
111111111111
111111111111
111111111111
111111111111
111111111111
111111111111
111111111111
111111111111
111111111111
111111111111
111111111111
111111111111
111111111111
111111111111
111111111111
111111111111
111111111111
111111111111
111111111111
111111111111
111111111111
111111111111
111111111111
111111111111
111111111111
111111111111
111111111111
111111111111
111111111111
111111111111
111111111111
111111111111
111111111111
111111111111
111111111111
111111111111
111111111111
111111111111
111111111111
111111111111
111111111111
111111111111
111111111111
111111111111
111111111111
111111111111
111111111111
111111111111
111111111111
111111111111
111111111111
111111111111
111111111111
111111111111
111111111111
111111111111
111111111111
111111111111
111111111111
111111111111
111111111111
111111111111
111111111111
111111111111
111111111111
111111111111
111111111111
111111111111
111111111111
111111111111
111111111111
111111111111
111111111111
111111111111
111111111111
111111111111
111111111111
111111111111
111111111111
