0.00033546
0.00033678
0.00033809
0.00033942
0.00034075
0.00034208
0.00034342
0.00034476
0.00034611
0.00034747
0.00034883
0.00035019
0.00035156
0.00035294
0.00035432
0.00035571
0.00035710
0.00035850
0.00035990
0.00036131
0.00036272
0.00036414
0.00036557
0.00036700
0.00036843
0.00036988
0.00037132
0.00037278
0.00037424
0.00037570
0.00037717
0.00037865
0.00038013
0.00038162
0.00038311
0.00038461
0.00038612
0.00038763
0.00038914
0.00039067
0.00039220
0.00039373
0.00039527
0.00039682
0.00039837
0.00039993
0.00040150
0.00040307
0.00040465
0.00040623
0.00040782
0.00040941
0.00041102
0.00041263
0.00041424
0.00041586
0.00041749
0.00041912
0.00042076
0.00042241
0.00042406
0.00042572
0.00042739
0.00042906
0.00043074
0.00043243
0.00043412
0.00043582
0.00043753
0.00043924
0.00044096
0.00044268
0.00044442
0.00044616
0.00044790
0.00044965
0.00045141
0.00045318
0.00045495
0.00045674
0.00045852
0.00046032
0.00046212
0.00046393
0.00046574
0.00046757
0.00046940
0.00047123
0.00047308
0.00047493
0.00047679
0.00047865
0.00048053
0.00048241
0.00048430
0.00048619
0.00048810
0.00049001
0.00049192
0.00049385
0.00049578
0.00049772
0.00049967
0.00050163
0.00050359
0.00050556
0.00050754
0.00050953
0.00051152
0.00051352
0.00051553
0.00051755
0.00051957
0.00052161
0.00052365
0.00052570
0.00052776
0.00052982
0.00053190
0.00053398
0.00053607
0.00053817
0.00054027
0.00054239
0.00054451
0.00054664
0.00054878
0.00055093
0.00055308
0.00055525
0.00055742
0.00055960
0.00056179
0.00056399
0.00056620
0.00056842
0.00057064
0.00057287
0.00057512
0.00057737
0.00057963
0.00058190
0.00058417
0.00058646
0.00058876
0.00059106
0.00059337
0.00059570
0.00059803
0.00060037
0.00060272
0.00060508
0.00060744
0.00060982
0.00061221
0.00061460
0.00061701
0.00061943
0.00062185
0.00062428
0.00062673
0.00062918
0.00063164
0.00063411
0.00063660
0.00063909
0.00064159
0.00064410
0.00064662
0.00064915
0.00065169
0.00065424
0.00065680
0.00065937
0.00066196
0.00066455
0.00066715
0.00066976
0.00067238
0.00067501
0.00067765
0.00068031
0.00068297
0.00068564
0.00068832
0.00069102
0.00069372
0.00069644
0.00069916
0.00070190
0.00070465
0.00070741
0.00071017
0.00071295
0.00071574
0.00071855
0.00072136
0.00072418
0.00072702
0.00072986
0.00073272
0.00073559
0.00073846
0.00074135
0.00074426
0.00074717
0.00075009
0.00075303
0.00075598
0.00075894
0.00076191
0.00076489
0.00076788
0.00077089
0.00077390
0.00077693
0.00077997
0.00078303
0.00078609
0.00078917
0.00079226
0.00079536
0.00079847
0.00080160
0.00080473
0.00080788
0.00081104
0.00081422
0.00081741
0.00082060
0.00082382
0.00082704
0.00083028
0.00083353
0.00083679
0.00084007
0.00084335
0.00084665
0.00084997
0.00085329
0.00085663
0.00085999
0.00086335
0.00086673
0.00087012
0.00087353
0.00087695
0.00088038
0.00088383
0.00088729
0.00089076
0.00089424
0.00089774
0.00090126
0.00090479
0.00090833
0.00091188
0.00091545
0.00091903
0.00092263
0.00092624
0.00092987
0.00093351
0.00093716
0.00094083
0.00094451
0.00094821
0.00095192
0.00095564
0.00095938
0.00096314
0.00096691
0.00097069
0.00097449
0.00097831
0.00098214
0.00098598
0.00098984
0.00099371
0.00099760
0.00100151
0.00100543
0.00100936
0.00101331
0.00101728
0.00102126
0.00102526
0.00102927
0.00103330
0.00103734
0.00104140
0.00104548
0.00104957
0.00105368
0.00105780
0.00106194
0.00106610
0.00107027
0.00107446
0.00107866
0.00108289
0.00108712
0.00109138
0.00109565
0.00109994
0.00110424
0.00110857
0.00111291
0.00111726
0.00112163
0.00112602
0.00113043
0.00113486
0.00113930
0.00114376
0.00114823
0.00115273
0.00115724
0.00116177
0.00116631
0.00117088
0.00117546
0.00118006
0.00118468
0.00118932
0.00119397
0.00119865
0.00120334
0.00120805
0.00121278
0.00121752
0.00122229
0.00122707
0.00123187
0.00123670
0.00124154
0.00124639
0.00125127
0.00125617
0.00126109
0.00126602
0.00127098
0.00127595
0.00128095
0.00128596
0.00129099
0.00129605
0.00130112
0.00130621
0.00131132
0.00131646
0.00132161
0.00132678
0.00133197
0.00133719
0.00134242
0.00134767
0.00135295
0.00135824
0.00136356
0.00136890
0.00137425
0.00137963
0.00138503
0.00139045
0.00139590
0.00140136
0.00140684
0.00141235
0.00141788
0.00142343
0.00142900
0.00143459
0.00144021
0.00144584
0.00145150
0.00145718
0.00146289
0.00146861
0.00147436
0.00148013
0.00148592
0.00149174
0.00149758
0.00150344
0.00150932
0.00151523
0.00152116
0.00152711
0.00153309
0.00153909
0.00154512
0.00155116
0.00155723
0.00156333
0.00156945
0.00157559
0.00158176
0.00158795
0.00159416
0.00160040
0.00160667
0.00161295
0.00161927
0.00162561
0.00163197
0.00163836
0.00164477
0.00165120
0.00165767
0.00166416
0.00167067
0.00167721
0.00168377
0.00169036
0.00169698
0.00170362
0.00171029
0.00171698
0.00172370
0.00173045
0.00173722
0.00174402
0.00175085
0.00175770
0.00176458
0.00177148
0.00177842
0.00178538
0.00179237
0.00179938
0.00180642
0.00181349
0.00182059
0.00182772
0.00183487
0.00184205
0.00184926
0.00185650
0.00186377
0.00187106
0.00187838
0.00188574
0.00189312
0.00190053
0.00190796
0.00191543
0.00192293
0.00193045
0.00193801
0.00194559
0.00195321
0.00196085
0.00196853
0.00197623
0.00198397
0.00199173
0.00199953
0.00200735
0.00201521
0.00202310
0.00203102
0.00203897
0.00204695
0.00205496
0.00206300
0.00207107
0.00207918
0.00208732
0.00209549
0.00210369
0.00211192
0.00212019
0.00212849
0.00213682
0.00214518
0.00215358
0.00216201
0.00217047
0.00217896
0.00218749
0.00219605
0.00220465
0.00221328
0.00222194
0.00223064
0.00223937
0.00224813
0.00225693
0.00226576
0.00227463
0.00228353
0.00229247
0.00230144
0.00231045
0.00231949
0.00232857
0.00233769
0.00234684
0.00235602
0.00236524
0.00237450
0.00238379
0.00239312
0.00240249
0.00241189
0.00242133
0.00243081
0.00244032
0.00244987
0.00245946
0.00246909
0.00247875
0.00248845
0.00249819
0.00250797
0.00251779
0.00252764
0.00253753
0.00254747
0.00255744
0.00256745
0.00257749
0.00258758
0.00259771
0.00260788
0.00261808
0.00262833
0.00263862
0.00264895
0.00265931
0.00266972
0.00268017
0.00269066
0.00270119
0.00271176
0.00272238
0.00273303
0.00274373
0.00275447
0.00276525
0.00277607
0.00278694
0.00279784
0.00280879
0.00281979
0.00283082
0.00284190
0.00285303
0.00286419
0.00287540
0.00288666
0.00289795
0.00290930
0.00292068
0.00293212
0.00294359
0.00295511
0.00296668
0.00297829
0.00298995
0.00300165
0.00301340
0.00302519
0.00303703
0.00304892
0.00306085
0.00307283
0.00308486
0.00309693
0.00310905
0.00312122
0.00313344
0.00314570
0.00315801
0.00317037
0.00318278
0.00319524
0.00320774
0.00322030
0.00323290
0.00324556
0.00325826
0.00327101
0.00328381
0.00329667
0.00330957
0.00332252
0.00333553
0.00334858
0.00336169
0.00337484
0.00338805
0.00340131
0.00341463
0.00342799
0.00344141
0.00345488
0.00346840
0.00348197
0.00349560
0.00350928
0.00352302
0.00353681
0.00355065
0.00356455
0.00357850
0.00359250
0.00360656
0.00362068
0.00363485
0.00364908
0.00366336
0.00367770
0.00369209
0.00370654
0.00372105
0.00373561
0.00375023
0.00376491
0.00377965
0.00379444
0.00380929
0.00382420
0.00383917
0.00385419
0.00386928
0.00388442
0.00389962
0.00391489
0.00393021
0.00394559
0.00396103
0.00397654
0.00399210
0.00400773
0.00402341
0.00403916
0.00405497
0.00407084
0.00408677
0.00410277
0.00411882
0.00413495
0.00415113
0.00416738
0.00418369
0.00420006
0.00421650
0.00423300
0.00424957
0.00426620
0.00428290
0.00429966
0.00431649
0.00433339
0.00435035
0.00436737
0.00438447
0.00440163
0.00441885
0.00443615
0.00445351
0.00447094
0.00448844
0.00450601
0.00452364
0.00454135
0.00455912
0.00457697
0.00459488
0.00461286
0.00463092
0.00464904
0.00466724
0.00468551
0.00470385
0.00472226
0.00474074
0.00475929
0.00477792
0.00479662
0.00481539
0.00483424
0.00485316
0.00487216
0.00489122
0.00491037
0.00492959
0.00494888
0.00496825
0.00498770
0.00500722
0.00502681
0.00504649
0.00506624
0.00508607
0.00510598
0.00512596
0.00514602
0.00516616
0.00518638
0.00520668
0.00522706
0.00524752
0.00526806
0.00528868
0.00530937
0.00533015
0.00535102
0.00537196
0.00539298
0.00541409
0.00543528
0.00545656
0.00547791
0.00549935
0.00552088
0.00554248
0.00556418
0.00558595
0.00560782
0.00562977
0.00565180
0.00567392
0.00569613
0.00571842
0.00574080
0.00576327
0.00578583
0.00580847
0.00583121
0.00585403
0.00587694
0.00589994
0.00592304
0.00594622
0.00596949
0.00599285
0.00601631
0.00603986
0.00606350
0.00608723
0.00611105
0.00613497
0.00615898
0.00618309
0.00620729
0.00623158
0.00625597
0.00628046
0.00630504
0.00632972
0.00635449
0.00637936
0.00640433
0.00642939
0.00645456
0.00647982
0.00650518
0.00653064
0.00655620
0.00658186
0.00660762
0.00663348
0.00665945
0.00668551
0.00671168
0.00673795
0.00676432
0.00679079
0.00681737
0.00684405
0.00687084
0.00689773
0.00692473
0.00695183
0.00697904
0.00700636
0.00703378
0.00706131
0.00708895
0.00711669
0.00714454
0.00717251
0.00720058
0.00722876
0.00725705
0.00728546
0.00731397
0.00734260
0.00737134
0.00740019
0.00742915
0.00745823
0.00748742
0.00751672
0.00754614
0.00757568
0.00760533
0.00763509
0.00766498
0.00769498
0.00772509
0.00775533
0.00778568
0.00781616
0.00784675
0.00787746
0.00790829
0.00793924
0.00797032
0.00800151
0.00803283
0.00806427
0.00809583
0.00812752
0.00815933
0.00819126
0.00822332
0.00825551
0.00828782
0.00832025
0.00835282
0.00838551
0.00841833
0.00845128
0.00848436
0.00851756
0.00855090
0.00858437
0.00861797
0.00865170
0.00868556
0.00871955
0.00875368
0.00878794
0.00882233
0.00885686
0.00889153
0.00892633
0.00896127
0.00899634
0.00903155
0.00906690
0.00910239
0.00913801
0.00917378
0.00920968
0.00924573
0.00928191
0.00931824
0.00935471
0.00939133
0.00942808
0.00946498
0.00950203
0.00953922
0.00957655
0.00961404
0.00965166
0.00968944
0.00972736
0.00976543
0.00980366
0.00984203
0.00988055
0.00991922
0.00995804
0.00999701
0.01003614
0.01007542
0.01011486
0.01015444
0.01019419
0.01023409
0.01027414
0.01031435
0.01035472
0.01039525
0.01043594
0.01047678
0.01051779
0.01055895
0.01060028
0.01064177
0.01068342
0.01072523
0.01076721
0.01080935
0.01085166
0.01089413
0.01093677
0.01097957
0.01102255
0.01106569
0.01110900
0.01115248
0.01119613
0.01123995
0.01128394
0.01132810
0.01137244
0.01141695
0.01146163
0.01150649
0.01155153
0.01159674
0.01164213
0.01168769
0.01173344
0.01177936
0.01182547
0.01187175
0.01191821
0.01196486
0.01201169
0.01205870
0.01210590
0.01215328
0.01220085
0.01224860
0.01229654
0.01234467
0.01239298
0.01244149
0.01249018
0.01253907
0.01258814
0.01263741
0.01268687
0.01273653
0.01278638
0.01283642
0.01288666
0.01293710
0.01298773
0.01303857
0.01308960
0.01314083
0.01319226
0.01324389
0.01329573
0.01334777
0.01340001
0.01345245
0.01350511
0.01355796
0.01361103
0.01366430
0.01371778
0.01377147
0.01382537
0.01387948
0.01393380
0.01398834
0.01404309
0.01409805
0.01415323
0.01420862
0.01426423
0.01432006
0.01437611
0.01443238
0.01448886
0.01454557
0.01460250
0.01465965
0.01471703
0.01477463
0.01483246
0.01489051
0.01494879
0.01500730
0.01506603
0.01512500
0.01518420
0.01524363
0.01530329
0.01536318
0.01542331
0.01548368
0.01554428
0.01560512
0.01566620
0.01572751
0.01578907
0.01585086
0.01591290
0.01597518
0.01603771
0.01610048
0.01616349
0.01622676
0.01629027
0.01635402
0.01641803
0.01648229
0.01654680
0.01661156
0.01667658
0.01674185
0.01680738
0.01687316
0.01693920
0.01700550
0.01707205
0.01713887
0.01720595
0.01727329
0.01734090
0.01740877
0.01747690
0.01754531
0.01761398
0.01768292
0.01775213
0.01782161
0.01789136
0.01796138
0.01803168
0.01810226
0.01817311
0.01824423
0.01831564
0.01838732
0.01845929
0.01853154
0.01860407
0.01867688
0.01874998
0.01882337
0.01889704
0.01897100
0.01904525
0.01911979
0.01919462
0.01926975
0.01934517
0.01942088
0.01949690
0.01957320
0.01964981
0.01972672
0.01980393
0.01988144
0.01995925
0.02003737
0.02011579
0.02019453
0.02027356
0.02035291
0.02043257
0.02051254
0.02059283
0.02067342
0.02075434
0.02083557
0.02091712
0.02099898
0.02108117
0.02116368
0.02124651
0.02132967
0.02141315
0.02149696
0.02158110
0.02166556
0.02175036
0.02183549
0.02192095
0.02200675
0.02209288
0.02217935
0.02226615
0.02235330
0.02244079
0.02252862
0.02261680
0.02270531
0.02279418
0.02288339
0.02297296
0.02306287
0.02315314
0.02324376
0.02333473
0.02342606
0.02351775
0.02360979
0.02370220
0.02379497
0.02388810
0.02398159
0.02407545
0.02416968
0.02426428
0.02435925
0.02445459
0.02455030
0.02464639
0.02474285
0.02483969
0.02493691
0.02503451
0.02513249
0.02523086
0.02532961
0.02542875
0.02552827
0.02562819
0.02572849
0.02582919
0.02593028
0.02603177
0.02613366
0.02623594
0.02633863
0.02644171
0.02654520
0.02664910
0.02675340
0.02685811
0.02696323
0.02706876
0.02717470
0.02728106
0.02738784
0.02749503
0.02760264
0.02771068
0.02781913
0.02792801
0.02803732
0.02814706
0.02825722
0.02836782
0.02847884
0.02859031
0.02870221
0.02881454
0.02892732
0.02904054
0.02915420
0.02926831
0.02938286
0.02949786
0.02961331
0.02972922
0.02984557
0.02996239
0.03007965
0.03019738
0.03031557
0.03043422
0.03055334
0.03067292
0.03079297
0.03091349
0.03103449
0.03115595
0.03127789
0.03140031
0.03152321
0.03164659
0.03177045
0.03189479
0.03201963
0.03214495
0.03227076
0.03239706
0.03252386
0.03265116
0.03277895
0.03290724
0.03303604
0.03316534
0.03329514
0.03342546
0.03355628
0.03368762
0.03381947
0.03395183
0.03408471
0.03421812
0.03435204
0.03448649
0.03462147
0.03475698
0.03489301
0.03502958
0.03516668
0.03530432
0.03544250
0.03558121
0.03572047
0.03586028
0.03600063
0.03614154
0.03628299
0.03642500
0.03656756
0.03671068
0.03685436
0.03699861
0.03714342
0.03728879
0.03743474
0.03758125
0.03772834
0.03787600
0.03802425
0.03817307
0.03832247
0.03847246
0.03862304
0.03877421
0.03892597
0.03907832
0.03923127
0.03938481
0.03953896
0.03969371
0.03984907
0.04000503
0.04016161
0.04031880
0.04047660
0.04063502
0.04079406
0.04095373
0.04111401
0.04127493
0.04143647
0.04159865
0.04176147
0.04192491
0.04208900
0.04225374
0.04241911
0.04258514
0.04275181
0.04291914
0.04308712
0.04325575
0.04342505
0.04359501
0.04376564
0.04393693
0.04410890
0.04428154
0.04445485
0.04462884
0.04480351
0.04497887
0.04515491
0.04533164
0.04550906
0.04568718
0.04586600
0.04604551
0.04622573
0.04640665
0.04658828
0.04677062
0.04695368
0.04713745
0.04732194
0.04750715
0.04769309
0.04787976
0.04806715
0.04825528
0.04844415
0.04863375
0.04882410
0.04901519
0.04920703
0.04939962
0.04959297
0.04978707
0.04998193
0.05017755
0.05037394
0.05057110
0.05076903
0.05096773
0.05116722
0.05136748
0.05156853
0.05177036
0.05197298
0.05217640
0.05238061
0.05258562
0.05279144
0.05299806
0.05320549
0.05341373
0.05362278
0.05383266
0.05404335
0.05425487
0.05446722
0.05468040
0.05489441
0.05510926
0.05532495
0.05554149
0.05575887
0.05597711
0.05619619
0.05641614
0.05663695
0.05685862
0.05708116
0.05730456
0.05752885
0.05775401
0.05798005
0.05820698
0.05843480
0.05866350
0.05889311
0.05912361
0.05935501
0.05958732
0.05982054
0.06005467
0.06028972
0.06052568
0.06076257
0.06100039
0.06123914
0.06147882
0.06171944
0.06196101
0.06220352
0.06244697
0.06269138
0.06293675
0.06318308
0.06343037
0.06367863
0.06392786
0.06417807
0.06442925
0.06468142
0.06493458
0.06518873
0.06544387
0.06570001
0.06595715
0.06621530
0.06647446
0.06673463
0.06699582
0.06725804
0.06752128
0.06778555
0.06805085
0.06831720
0.06858458
0.06885302
0.06912250
0.06939304
0.06966463
0.06993729
0.07021102
0.07048582
0.07076169
0.07103865
0.07131668
0.07159581
0.07187603
0.07215734
0.07243976
0.07272328
0.07300791
0.07329365
0.07358052
0.07386850
0.07415762
0.07444786
0.07473924
0.07503176
0.07532543
0.07562024
0.07591621
0.07621334
0.07651163
0.07681109
0.07711172
0.07741353
0.07771651
0.07802069
0.07832605
0.07863261
0.07894037
0.07924934
0.07955951
0.07987090
0.08018350
0.08049733
0.08081239
0.08112868
0.08144621
0.08176498
0.08208500
0.08240627
0.08272880
0.08305259
0.08337765
0.08370398
0.08403159
0.08436048
0.08469066
0.08502213
0.08535489
0.08568896
0.08602434
0.08636103
0.08669904
0.08703837
0.08737903
0.08772102
0.08806435
0.08840902
0.08875505
0.08910242
0.08945116
0.08980126
0.09015273
0.09050558
0.09085981
0.09121543
0.09157243
0.09193084
0.09229064
0.09265186
0.09301449
0.09337854
0.09374401
0.09411091
0.09447925
0.09484904
0.09522026
0.09559295
0.09596709
0.09634269
0.09671977
0.09709832
0.09747835
0.09785987
0.09824288
0.09862739
0.09901341
0.09940094
0.09978998
0.10018055
0.10057264
0.10096627
0.10136144
0.10175816
0.10215643
0.10255626
0.10295765
0.10336062
0.10376516
0.10417129
0.10457900
0.10498831
0.10539922
0.10581175
0.10622588
0.10664164
0.10705902
0.10747804
0.10789870
0.10832100
0.10874496
0.10917057
0.10959785
0.11002681
0.11045744
0.11088976
0.11132377
0.11175948
0.11219689
0.11263602
0.11307686
0.11351943
0.11396373
0.11440978
0.11485756
0.11530710
0.11575840
0.11621147
0.11666631
0.11712293
0.11758133
0.11804153
0.11850353
0.11896734
0.11943297
0.11990042
0.12036969
0.12084081
0.12131376
0.12178857
0.12226524
0.12274377
0.12322418
0.12370646
0.12419064
0.12467671
0.12516468
0.12565456
0.12614635
0.12664008
0.12713573
0.12763333
0.12813287
0.12863437
0.12913783
0.12964326
0.13015067
0.13066007
0.13117145
0.13168484
0.13220024
0.13271766
0.13323710
0.13375858
0.13428210
0.13480766
0.13533528
0.13586497
0.13639673
0.13693057
0.13746650
0.13800453
0.13854467
0.13908692
0.13963129
0.14017779
0.14072643
0.14127722
0.14183016
0.14238527
0.14294255
0.14350201
0.14406366
0.14462751
0.14519356
0.14576184
0.14633233
0.14690506
0.14748003
0.14805725
0.14863673
0.14921848
0.14980250
0.15038881
0.15097742
0.15156833
0.15216155
0.15275709
0.15335497
0.15395518
0.15455774
0.15516267
0.15576996
0.15637962
0.15699168
0.15760612
0.15822298
0.15884224
0.15946393
0.16008806
0.16071463
0.16134364
0.16197513
0.16260908
0.16324551
0.16388444
0.16452586
0.16516980
0.16581626
0.16646524
0.16711677
0.16777084
0.16842748
0.16908669
0.16974847
0.17041285
0.17107983
0.17174942
0.17242162
0.17309646
0.17377394
0.17445408
0.17513687
0.17582234
0.17651048
0.17720133
0.17789487
0.17859113
0.17929012
0.17999184
0.18069631
0.18140354
0.18211353
0.18282630
0.18354186
0.18426023
0.18498140
0.18570540
0.18643223
0.18716190
0.18789443
0.18862983
0.18936811
0.19010927
0.19085334
0.19160032
0.19235022
0.19310306
0.19385884
0.19461758
0.19537930
0.19614399
0.19691168
0.19768237
0.19845607
0.19923281
0.20001258
0.20079541
0.20158130
0.20237027
0.20316232
0.20395748
0.20475574
0.20555714
0.20636166
0.20716934
0.20798018
0.20879419
0.20961139
0.21043178
0.21125539
0.21208222
0.21291229
0.21374560
0.21458218
0.21542203
0.21626517
0.21711160
0.21796136
0.21881443
0.21967085
0.22053062
0.22139375
0.22226026
0.22313016
0.22400347
0.22488019
0.22576035
0.22664395
0.22753101
0.22842154
0.22931556
0.23021307
0.23111410
0.23201866
0.23292675
0.23383840
0.23475362
0.23567242
0.23659481
0.23752082
0.23845045
0.23938372
0.24032064
0.24126123
0.24220550
0.24315346
0.24410514
0.24506054
0.24601968
0.24698257
0.24794924
0.24891968
0.24989393
0.25087198
0.25185387
0.25283960
0.25382918
0.25482264
0.25581999
0.25682124
0.25782641
0.25883551
0.25984857
0.26086559
0.26188659
0.26291158
0.26394059
0.26497362
0.26601070
0.26705184
0.26809705
0.26914635
0.27019976
0.27125729
0.27231896
0.27338479
0.27445478
0.27552897
0.27660736
0.27768997
0.27877682
0.27986792
0.28096329
0.28206295
0.28316691
0.28427520
0.28538782
0.28650480
0.28762614
0.28875188
0.28988202
0.29101659
0.29215560
0.29329906
0.29444700
0.29559944
0.29675638
0.29791785
0.29908387
0.30025445
0.30142961
0.30260937
0.30379375
0.30498277
0.30617644
0.30737478
0.30857781
0.30978555
0.31099801
0.31221523
0.31343720
0.31466396
0.31589552
0.31713190
0.31837312
0.31961920
0.32087015
0.32212600
0.32338677
0.32465247
0.32592312
0.32719875
0.32847937
0.32976500
0.33105566
0.33235138
0.33365217
0.33495804
0.33626903
0.33758515
0.33890642
0.34023286
0.34156450
0.34290134
0.34424342
0.34559075
0.34694336
0.34830125
0.34966447
0.35103302
0.35240692
0.35378620
0.35517088
0.35656098
0.35795652
0.35935752
0.36076401
0.36217600
0.36359352
0.36501658
0.36644522
0.36787944
0.36931928
0.37076476
0.37221589
0.37367270
0.37513521
0.37660345
0.37807743
0.37955719
0.38104273
0.38253409
0.38403129
0.38553434
0.38704328
0.38855813
0.39007890
0.39160563
0.39313833
0.39467703
0.39622175
0.39777252
0.39932936
0.40089229
0.40246133
0.40403652
0.40561788
0.40720542
0.40879918
0.41039917
0.41200543
0.41361797
0.41523683
0.41686202
0.41849357
0.42013151
0.42177586
0.42342664
0.42508389
0.42674762
0.42841786
0.43009464
0.43177798
0.43346791
0.43516446
0.43686765
0.43857750
0.44029404
0.44201730
0.44374731
0.44548409
0.44722766
0.44897806
0.45073531
0.45249944
0.45427047
0.45604844
0.45783336
0.45962527
0.46142419
0.46323016
0.46504319
0.46686332
0.46869057
0.47052497
0.47236655
0.47421534
0.47607137
0.47793466
0.47980524
0.48168315
0.48356840
0.48546104
0.48736108
0.48926855
0.49118350
0.49310593
0.49503590
0.49697341
0.49891851
0.50087122
0.50283158
0.50479961
0.50677533
0.50875880
0.51075002
0.51274904
0.51475589
0.51677058
0.51879317
0.52082366
0.52286211
0.52490854
0.52696297
0.52902544
0.53109599
0.53317464
0.53526143
0.53735638
0.53945954
0.54157092
0.54369057
0.54581851
0.54795479
0.55009942
0.55225245
0.55441391
0.55658382
0.55876223
0.56094916
0.56314465
0.56534874
0.56756145
0.56978282
0.57201289
0.57425169
0.57649924
0.57875560
0.58102078
0.58329484
0.58557779
0.58786967
0.59017053
0.59248039
0.59479929
0.59712727
0.59946436
0.60181060
0.60416602
0.60653066
0.60890455
0.61128774
0.61368025
0.61608213
0.61849341
0.62091412
0.62334431
0.62578401
0.62823326
0.63069209
0.63316055
0.63563867
0.63812649
0.64062405
0.64313138
0.64564853
0.64817552
0.65071241
0.65325923
0.65581601
0.65838280
0.66095964
0.66354656
0.66614361
0.66875082
0.67136824
0.67399590
0.67663385
0.67928212
0.68194075
0.68460979
0.68728928
0.68997925
0.69267976
0.69539083
0.69811251
0.70084485
0.70358787
0.70634164
0.70910618
0.71188155
0.71466777
0.71746490
0.72027298
0.72309205
0.72592215
0.72876333
0.73161563
0.73447909
0.73735376
0.74023968
0.74313690
0.74604545
0.74896539
0.75189676
0.75483960
0.75779396
0.76075988
0.76373741
0.76672660
0.76972748
0.77274011
0.77576453
0.77880078
0.78184892
0.78490899
0.78798104
0.79106511
0.79416125
0.79726951
0.80038994
0.80352257
0.80666747
0.80982468
0.81299424
0.81617621
0.81937064
0.82257756
0.82579704
0.82902912
0.83227385
0.83553127
0.83880145
0.84208443
0.84538025
0.84868898
0.85201065
0.85534533
0.85869305
0.86205388
0.86542787
0.86881506
0.87221550
0.87562926
0.87905637
0.88249690
0.88595090
0.88941841
0.89289950
0.89639421
0.89990259
0.90342471
0.90696062
0.91051036
0.91407400
0.91765158
0.92124317
0.92484881
0.92846857
0.93210249
0.93575064
0.93941306
0.94308982
0.94678097
0.95048657
0.95420667
0.95794133
0.96169060
0.96545455
0.96923323
0.97302671
0.97683502
0.98065825
0.98449644
0.98834965
0.99221794
0.99610137
