0000000000010101
0000000000010110
0000000000010110
0000000000010110
0000000000010110
0000000000010110
0000000000010110
0000000000010110
0000000000010110
0000000000010110
0000000000010110
0000000000010110
0000000000010111
0000000000010111
0000000000010111
0000000000010111
0000000000010111
0000000000010111
0000000000010111
0000000000010111
0000000000010111
0000000000010111
0000000000010111
0000000000011000
0000000000011000
0000000000011000
0000000000011000
0000000000011000
0000000000011000
0000000000011000
0000000000011000
0000000000011000
0000000000011000
0000000000011001
0000000000011001
0000000000011001
0000000000011001
0000000000011001
0000000000011001
0000000000011001
0000000000011001
0000000000011001
0000000000011001
0000000000011010
0000000000011010
0000000000011010
0000000000011010
0000000000011010
0000000000011010
0000000000011010
0000000000011010
0000000000011010
0000000000011010
0000000000011011
0000000000011011
0000000000011011
0000000000011011
0000000000011011
0000000000011011
0000000000011011
0000000000011011
0000000000011011
0000000000011100
0000000000011100
0000000000011100
0000000000011100
0000000000011100
0000000000011100
0000000000011100
0000000000011100
0000000000011100
0000000000011101
0000000000011101
0000000000011101
0000000000011101
0000000000011101
0000000000011101
0000000000011101
0000000000011101
0000000000011101
0000000000011110
0000000000011110
0000000000011110
0000000000011110
0000000000011110
0000000000011110
0000000000011110
0000000000011110
0000000000011111
0000000000011111
0000000000011111
0000000000011111
0000000000011111
0000000000011111
0000000000011111
0000000000011111
0000000000011111
0000000000100000
0000000000100000
0000000000100000
0000000000100000
0000000000100000
0000000000100000
0000000000100000
0000000000100001
0000000000100001
0000000000100001
0000000000100001
0000000000100001
0000000000100001
0000000000100001
0000000000100001
0000000000100010
0000000000100010
0000000000100010
0000000000100010
0000000000100010
0000000000100010
0000000000100010
0000000000100010
0000000000100011
0000000000100011
0000000000100011
0000000000100011
0000000000100011
0000000000100011
0000000000100011
0000000000100100
0000000000100100
0000000000100100
0000000000100100
0000000000100100
0000000000100100
0000000000100100
0000000000100101
0000000000100101
0000000000100101
0000000000100101
0000000000100101
0000000000100101
0000000000100101
0000000000100110
0000000000100110
0000000000100110
0000000000100110
0000000000100110
0000000000100110
0000000000100111
0000000000100111
0000000000100111
0000000000100111
0000000000100111
0000000000100111
0000000000100111
0000000000101000
0000000000101000
0000000000101000
0000000000101000
0000000000101000
0000000000101000
0000000000101001
0000000000101001
0000000000101001
0000000000101001
0000000000101001
0000000000101001
0000000000101010
0000000000101010
0000000000101010
0000000000101010
0000000000101010
0000000000101010
0000000000101011
0000000000101011
0000000000101011
0000000000101011
0000000000101011
0000000000101011
0000000000101100
0000000000101100
0000000000101100
0000000000101100
0000000000101100
0000000000101100
0000000000101101
0000000000101101
0000000000101101
0000000000101101
0000000000101101
0000000000101101
0000000000101110
0000000000101110
0000000000101110
0000000000101110
0000000000101110
0000000000101111
0000000000101111
0000000000101111
0000000000101111
0000000000101111
0000000000110000
0000000000110000
0000000000110000
0000000000110000
0000000000110000
0000000000110000
0000000000110001
0000000000110001
0000000000110001
0000000000110001
0000000000110001
0000000000110010
0000000000110010
0000000000110010
0000000000110010
0000000000110010
0000000000110011
0000000000110011
0000000000110011
0000000000110011
0000000000110011
0000000000110100
0000000000110100
0000000000110100
0000000000110100
0000000000110100
0000000000110101
0000000000110101
0000000000110101
0000000000110101
0000000000110101
0000000000110110
0000000000110110
0000000000110110
0000000000110110
0000000000110111
0000000000110111
0000000000110111
0000000000110111
0000000000110111
0000000000111000
0000000000111000
0000000000111000
0000000000111000
0000000000111001
0000000000111001
0000000000111001
0000000000111001
0000000000111001
0000000000111010
0000000000111010
0000000000111010
0000000000111010
0000000000111011
0000000000111011
0000000000111011
0000000000111011
0000000000111011
0000000000111100
0000000000111100
0000000000111100
0000000000111100
0000000000111101
0000000000111101
0000000000111101
0000000000111101
0000000000111110
0000000000111110
0000000000111110
0000000000111110
0000000000111111
0000000000111111
0000000000111111
0000000000111111
0000000001000000
0000000001000000
0000000001000000
0000000001000000
0000000001000001
0000000001000001
0000000001000001
0000000001000001
0000000001000010
0000000001000010
0000000001000010
0000000001000010
0000000001000011
0000000001000011
0000000001000011
0000000001000011
0000000001000100
0000000001000100
0000000001000100
0000000001000101
0000000001000101
0000000001000101
0000000001000101
0000000001000110
0000000001000110
0000000001000110
0000000001000110
0000000001000111
0000000001000111
0000000001000111
0000000001001000
0000000001001000
0000000001001000
0000000001001000
0000000001001001
0000000001001001
0000000001001001
0000000001001010
0000000001001010
0000000001001010
0000000001001010
0000000001001011
0000000001001011
0000000001001011
0000000001001100
0000000001001100
0000000001001100
0000000001001101
0000000001001101
0000000001001101
0000000001001101
0000000001001110
0000000001001110
0000000001001110
0000000001001111
0000000001001111
0000000001001111
0000000001010000
0000000001010000
0000000001010000
0000000001010001
0000000001010001
0000000001010001
0000000001010010
0000000001010010
0000000001010010
0000000001010010
0000000001010011
0000000001010011
0000000001010011
0000000001010100
0000000001010100
0000000001010100
0000000001010101
0000000001010101
0000000001010101
0000000001010110
0000000001010110
0000000001010110
0000000001010111
0000000001010111
0000000001010111
0000000001011000
0000000001011000
0000000001011001
0000000001011001
0000000001011001
0000000001011010
0000000001011010
0000000001011010
0000000001011011
0000000001011011
0000000001011011
0000000001011100
0000000001011100
0000000001011100
0000000001011101
0000000001011101
0000000001011110
0000000001011110
0000000001011110
0000000001011111
0000000001011111
0000000001011111
0000000001100000
0000000001100000
0000000001100001
0000000001100001
0000000001100001
0000000001100010
0000000001100010
0000000001100010
0000000001100011
0000000001100011
0000000001100100
0000000001100100
0000000001100100
0000000001100101
0000000001100101
0000000001100110
0000000001100110
0000000001100110
0000000001100111
0000000001100111
0000000001101000
0000000001101000
0000000001101000
0000000001101001
0000000001101001
0000000001101010
0000000001101010
0000000001101010
0000000001101011
0000000001101011
0000000001101100
0000000001101100
0000000001101101
0000000001101101
0000000001101101
0000000001101110
0000000001101110
0000000001101111
0000000001101111
0000000001110000
0000000001110000
0000000001110000
0000000001110001
0000000001110001
0000000001110010
0000000001110010
0000000001110011
0000000001110011
0000000001110100
0000000001110100
0000000001110101
0000000001110101
0000000001110101
0000000001110110
0000000001110110
0000000001110111
0000000001110111
0000000001111000
0000000001111000
0000000001111001
0000000001111001
0000000001111010
0000000001111010
0000000001111011
0000000001111011
0000000001111100
0000000001111100
0000000001111101
0000000001111101
0000000001111110
0000000001111110
0000000001111111
0000000001111111
0000000010000000
0000000010000000
0000000010000001
0000000010000001
0000000010000010
0000000010000010
0000000010000011
0000000010000011
0000000010000100
0000000010000100
0000000010000101
0000000010000101
0000000010000110
0000000010000110
0000000010000111
0000000010000111
0000000010001000
0000000010001000
0000000010001001
0000000010001001
0000000010001010
0000000010001010
0000000010001011
0000000010001100
0000000010001100
0000000010001101
0000000010001101
0000000010001110
0000000010001110
0000000010001111
0000000010001111
0000000010010000
0000000010010001
0000000010010001
0000000010010010
0000000010010010
0000000010010011
0000000010010011
0000000010010100
0000000010010101
0000000010010101
0000000010010110
0000000010010110
0000000010010111
0000000010011000
0000000010011000
0000000010011001
0000000010011001
0000000010011010
0000000010011011
0000000010011011
0000000010011100
0000000010011100
0000000010011101
0000000010011110
0000000010011110
0000000010011111
0000000010011111
0000000010100000
0000000010100001
0000000010100001
0000000010100010
0000000010100011
0000000010100011
0000000010100100
0000000010100101
0000000010100101
0000000010100110
0000000010100110
0000000010100111
0000000010101000
0000000010101000
0000000010101001
0000000010101010
0000000010101010
0000000010101011
0000000010101100
0000000010101100
0000000010101101
0000000010101110
0000000010101110
0000000010101111
0000000010110000
0000000010110001
0000000010110001
0000000010110010
0000000010110011
0000000010110011
0000000010110100
0000000010110101
0000000010110101
0000000010110110
0000000010110111
0000000010111000
0000000010111000
0000000010111001
0000000010111010
0000000010111010
0000000010111011
0000000010111100
0000000010111101
0000000010111101
0000000010111110
0000000010111111
0000000011000000
0000000011000000
0000000011000001
0000000011000010
0000000011000011
0000000011000011
0000000011000100
0000000011000101
0000000011000110
0000000011000111
0000000011000111
0000000011001000
0000000011001001
0000000011001010
0000000011001010
0000000011001011
0000000011001100
0000000011001101
0000000011001110
0000000011001110
0000000011001111
0000000011010000
0000000011010001
0000000011010010
0000000011010011
0000000011010011
0000000011010100
0000000011010101
0000000011010110
0000000011010111
0000000011011000
0000000011011000
0000000011011001
0000000011011010
0000000011011011
0000000011011100
0000000011011101
0000000011011110
0000000011011110
0000000011011111
0000000011100000
0000000011100001
0000000011100010
0000000011100011
0000000011100100
0000000011100101
0000000011100101
0000000011100110
0000000011100111
0000000011101000
0000000011101001
0000000011101010
0000000011101011
0000000011101100
0000000011101101
0000000011101110
0000000011101111
0000000011110000
0000000011110001
0000000011110001
0000000011110010
0000000011110011
0000000011110100
0000000011110101
0000000011110110
0000000011110111
0000000011111000
0000000011111001
0000000011111010
0000000011111011
0000000011111100
0000000011111101
0000000011111110
0000000011111111
0000000100000000
0000000100000001
0000000100000010
0000000100000011
0000000100000100
0000000100000101
0000000100000110
0000000100000111
0000000100001000
0000000100001001
0000000100001010
0000000100001011
0000000100001100
0000000100001101
0000000100001110
0000000100010000
0000000100010001
0000000100010010
0000000100010011
0000000100010100
0000000100010101
0000000100010110
0000000100010111
0000000100011000
0000000100011001
0000000100011010
0000000100011011
0000000100011101
0000000100011110
0000000100011111
0000000100100000
0000000100100001
0000000100100010
0000000100100011
0000000100100101
0000000100100110
0000000100100111
0000000100101000
0000000100101001
0000000100101010
0000000100101011
0000000100101101
0000000100101110
0000000100101111
0000000100110000
0000000100110001
0000000100110011
0000000100110100
0000000100110101
0000000100110110
0000000100110111
0000000100111001
0000000100111010
0000000100111011
0000000100111100
0000000100111110
0000000100111111
0000000101000000
0000000101000001
0000000101000011
0000000101000100
0000000101000101
0000000101000110
0000000101001000
0000000101001001
0000000101001010
0000000101001100
0000000101001101
0000000101001110
0000000101001111
0000000101010001
0000000101010010
0000000101010011
0000000101010101
0000000101010110
0000000101010111
0000000101011001
0000000101011010
0000000101011011
0000000101011101
0000000101011110
0000000101100000
0000000101100001
0000000101100010
0000000101100100
0000000101100101
0000000101100111
0000000101101000
0000000101101001
0000000101101011
0000000101101100
0000000101101110
0000000101101111
0000000101110000
0000000101110010
0000000101110011
0000000101110101
0000000101110110
0000000101111000
0000000101111001
0000000101111011
0000000101111100
0000000101111110
0000000101111111
0000000110000001
0000000110000010
0000000110000100
0000000110000101
0000000110000111
0000000110001000
0000000110001010
0000000110001011
0000000110001101
0000000110001110
0000000110010000
0000000110010010
0000000110010011
0000000110010101
0000000110010110
0000000110011000
0000000110011001
0000000110011011
0000000110011101
0000000110011110
0000000110100000
0000000110100010
0000000110100011
0000000110100101
0000000110100111
0000000110101000
0000000110101010
0000000110101011
0000000110101101
0000000110101111
0000000110110001
0000000110110010
0000000110110100
0000000110110110
0000000110110111
0000000110111001
0000000110111011
0000000110111101
0000000110111110
0000000111000000
0000000111000010
0000000111000100
0000000111000101
0000000111000111
0000000111001001
0000000111001011
0000000111001100
0000000111001110
0000000111010000
0000000111010010
0000000111010100
0000000111010110
0000000111010111
0000000111011001
0000000111011011
0000000111011101
0000000111011111
0000000111100001
0000000111100011
0000000111100100
0000000111100110
0000000111101000
0000000111101010
0000000111101100
0000000111101110
0000000111110000
0000000111110010
0000000111110100
0000000111110110
0000000111111000
0000000111111010
0000000111111100
0000000111111110
0000001000000000
0000001000000010
0000001000000100
0000001000000110
0000001000001000
0000001000001010
0000001000001100
0000001000001110
0000001000010000
0000001000010010
0000001000010100
0000001000010110
0000001000011000
0000001000011010
0000001000011101
0000001000011111
0000001000100001
0000001000100011
0000001000100101
0000001000100111
0000001000101001
0000001000101100
0000001000101110
0000001000110000
0000001000110010
0000001000110100
0000001000110110
0000001000111001
0000001000111011
0000001000111101
0000001000111111
0000001001000010
0000001001000100
0000001001000110
0000001001001000
0000001001001011
0000001001001101
0000001001001111
0000001001010010
0000001001010100
0000001001010110
0000001001011001
0000001001011011
0000001001011101
0000001001100000
0000001001100010
0000001001100101
0000001001100111
0000001001101001
0000001001101100
0000001001101110
0000001001110001
0000001001110011
0000001001110110
0000001001111000
0000001001111011
0000001001111101
0000001001111111
0000001010000010
0000001010000101
0000001010000111
0000001010001010
0000001010001100
0000001010001111
0000001010010001
0000001010010100
0000001010010110
0000001010011001
0000001010011100
0000001010011110
0000001010100001
0000001010100011
0000001010100110
0000001010101001
0000001010101011
0000001010101110
0000001010110001
0000001010110011
0000001010110110
0000001010111001
0000001010111100
0000001010111110
0000001011000001
0000001011000100
0000001011000111
0000001011001001
0000001011001100
0000001011001111
0000001011010010
0000001011010101
0000001011011000
0000001011011010
0000001011011101
0000001011100000
0000001011100011
0000001011100110
0000001011101001
0000001011101100
0000001011101111
0000001011110010
0000001011110101
0000001011111000
0000001011111010
0000001011111101
0000001100000000
0000001100000011
0000001100000110
0000001100001010
0000001100001101
0000001100010000
0000001100010011
0000001100010110
0000001100011001
0000001100011100
0000001100011111
0000001100100010
0000001100100101
0000001100101001
0000001100101100
0000001100101111
0000001100110010
0000001100110101
0000001100111000
0000001100111100
0000001100111111
0000001101000010
0000001101000101
0000001101001001
0000001101001100
0000001101001111
0000001101010011
0000001101010110
0000001101011001
0000001101011101
0000001101100000
0000001101100011
0000001101100111
0000001101101010
0000001101101110
0000001101110001
0000001101110101
0000001101111000
0000001101111100
0000001101111111
0000001110000011
0000001110000110
0000001110001010
0000001110001101
0000001110010001
0000001110010100
0000001110011000
0000001110011011
0000001110011111
0000001110100011
0000001110100110
0000001110101010
0000001110101110
0000001110110001
0000001110110101
0000001110111001
0000001110111100
0000001111000000
0000001111000100
0000001111001000
0000001111001100
0000001111001111
0000001111010011
0000001111010111
0000001111011011
0000001111011111
0000001111100011
0000001111100111
0000001111101010
0000001111101110
0000001111110010
0000001111110110
0000001111111010
0000001111111110
0000010000000010
0000010000000110
0000010000001010
0000010000001110
0000010000010010
0000010000010110
0000010000011011
0000010000011111
0000010000100011
0000010000100111
0000010000101011
0000010000101111
0000010000110011
0000010000111000
0000010000111100
0000010001000000
0000010001000100
0000010001001001
0000010001001101
0000010001010001
0000010001010110
0000010001011010
0000010001011110
0000010001100011
0000010001100111
0000010001101100
0000010001110000
0000010001110100
0000010001111001
0000010001111101
0000010010000010
0000010010000110
0000010010001011
0000010010001111
0000010010010100
0000010010011001
0000010010011101
0000010010100010
0000010010100110
0000010010101011
0000010010110000
0000010010110101
0000010010111001
0000010010111110
0000010011000011
0000010011001000
0000010011001100
0000010011010001
0000010011010110
0000010011011011
0000010011100000
0000010011100101
0000010011101001
0000010011101110
0000010011110011
0000010011111000
0000010011111101
0000010100000010
0000010100000111
0000010100001100
0000010100010001
0000010100010110
0000010100011100
0000010100100001
0000010100100110
0000010100101011
0000010100110000
0000010100110101
0000010100111011
0000010101000000
0000010101000101
0000010101001010
0000010101010000
0000010101010101
0000010101011010
0000010101100000
0000010101100101
0000010101101010
0000010101110000
0000010101110101
0000010101111011
0000010110000000
0000010110000110
0000010110001011
0000010110010001
0000010110010111
0000010110011100
0000010110100010
0000010110100111
0000010110101101
0000010110110011
0000010110111000
0000010110111110
0000010111000100
0000010111001010
0000010111010000
0000010111010101
0000010111011011
0000010111100001
0000010111100111
0000010111101101
0000010111110011
0000010111111001
0000010111111111
0000011000000101
0000011000001011
0000011000010001
0000011000010111
0000011000011101
0000011000100011
0000011000101001
0000011000101111
0000011000110110
0000011000111100
0000011001000010
0000011001001000
0000011001001111
0000011001010101
0000011001011011
0000011001100010
0000011001101000
0000011001101111
0000011001110101
0000011001111100
0000011010000010
0000011010001001
0000011010001111
0000011010010110
0000011010011100
0000011010100011
0000011010101010
0000011010110000
0000011010110111
0000011010111110
0000011011000100
0000011011001011
0000011011010010
0000011011011001
0000011011100000
0000011011100111
0000011011101101
0000011011110100
0000011011111011
0000011100000010
0000011100001001
0000011100010000
0000011100011000
0000011100011111
0000011100100110
0000011100101101
0000011100110100
0000011100111011
0000011101000011
0000011101001010
0000011101010001
0000011101011001
0000011101100000
0000011101100111
0000011101101111
0000011101110110
0000011101111110
0000011110000101
0000011110001101
0000011110010100
0000011110011100
0000011110100011
0000011110101011
0000011110110011
0000011110111011
0000011111000010
0000011111001010
0000011111010010
0000011111011010
0000011111100010
0000011111101001
0000011111110001
0000011111111001
0000100000000001
0000100000001001
0000100000010001
0000100000011001
0000100000100010
0000100000101010
0000100000110010
0000100000111010
0000100001000010
0000100001001011
0000100001010011
0000100001011011
0000100001100100
0000100001101100
0000100001110101
0000100001111101
0000100010000110
0000100010001110
0000100010010111
0000100010011111
0000100010101000
0000100010110001
0000100010111001
0000100011000010
0000100011001011
0000100011010100
0000100011011100
0000100011100101
0000100011101110
0000100011110111
0000100100000000
0000100100001001
0000100100010010
0000100100011011
0000100100100100
0000100100101110
0000100100110111
0000100101000000
0000100101001001
0000100101010011
0000100101011100
0000100101100101
0000100101101111
0000100101111000
0000100110000010
0000100110001011
0000100110010101
0000100110011110
0000100110101000
0000100110110010
0000100110111011
0000100111000101
0000100111001111
0000100111011001
0000100111100011
0000100111101101
0000100111110111
0000101000000001
0000101000001011
0000101000010101
0000101000011111
0000101000101001
0000101000110011
0000101000111101
0000101001001000
0000101001010010
0000101001011100
0000101001100111
0000101001110001
0000101001111011
0000101010000110
0000101010010000
0000101010011011
0000101010100110
0000101010110000
0000101010111011
0000101011000110
0000101011010001
0000101011011011
0000101011100110
0000101011110001
0000101011111100
0000101100000111
0000101100010010
0000101100011101
0000101100101001
0000101100110100
0000101100111111
0000101101001010
0000101101010110
0000101101100001
0000101101101100
0000101101111000
0000101110000011
0000101110001111
0000101110011010
0000101110100110
0000101110110010
0000101110111101
0000101111001001
0000101111010101
0000101111100001
0000101111101101
0000101111111001
0000110000000101
0000110000010001
0000110000011101
0000110000101001
0000110000110101
0000110001000001
0000110001001110
0000110001011010
0000110001100110
0000110001110011
0000110001111111
0000110010001100
0000110010011000
0000110010100101
0000110010110010
0000110010111110
0000110011001011
0000110011011000
0000110011100101
0000110011110010
0000110011111111
0000110100001100
0000110100011001
0000110100100110
0000110100110011
0000110101000000
0000110101001110
0000110101011011
0000110101101000
0000110101110110
0000110110000011
0000110110010001
0000110110011110
0000110110101100
0000110110111010
0000110111000111
0000110111010101
0000110111100011
0000110111110001
0000110111111111
0000111000001101
0000111000011011
0000111000101001
0000111000110111
0000111001000110
0000111001010100
0000111001100010
0000111001110001
0000111001111111
0000111010001110
0000111010011100
0000111010101011
0000111010111010
0000111011001000
0000111011010111
0000111011100110
0000111011110101
0000111100000100
0000111100010011
0000111100100010
0000111100110001
0000111101000001
0000111101010000
0000111101011111
0000111101101111
0000111101111110
0000111110001110
0000111110011101
0000111110101101
0000111110111101
0000111111001100
0000111111011100
0000111111101100
0000111111111100
0001000000001100
0001000000011100
0001000000101100
0001000000111100
0001000001001101
0001000001011101
0001000001101101
0001000001111110
0001000010001110
0001000010011111
0001000010110000
0001000011000000
0001000011010001
0001000011100010
0001000011110011
0001000100000100
0001000100010101
0001000100100110
0001000100110111
0001000101001001
0001000101011010
0001000101101011
0001000101111101
0001000110001110
0001000110100000
0001000110110010
0001000111000011
0001000111010101
0001000111100111
0001000111111001
0001001000001011
0001001000011101
0001001000101111
0001001001000001
0001001001010100
0001001001100110
0001001001111000
0001001010001011
0001001010011101
0001001010110000
0001001011000011
0001001011010110
0001001011101001
0001001011111011
0001001100001111
0001001100100010
0001001100110101
0001001101001000
0001001101011011
0001001101101111
0001001110000010
0001001110010110
0001001110101001
0001001110111101
0001001111010001
0001001111100101
0001001111111001
0001010000001101
0001010000100001
0001010000110101
0001010001001001
0001010001011110
0001010001110010
0001010010000110
0001010010011011
0001010010110000
0001010011000100
0001010011011001
0001010011101110
0001010100000011
0001010100011000
0001010100101101
0001010101000010
0001010101011000
0001010101101101
0001010110000011
0001010110011000
0001010110101110
0001010111000100
0001010111011001
0001010111101111
0001011000000101
0001011000011011
0001011000110001
0001011001001000
0001011001011110
0001011001110100
0001011010001011
0001011010100001
0001011010111000
0001011011001111
0001011011100110
0001011011111101
0001011100010100
0001011100101011
0001011101000010
0001011101011001
0001011101110001
0001011110001000
0001011110100000
0001011110111000
0001011111001111
0001011111100111
0001011111111111
0001100000010111
0001100000101111
0001100001001000
0001100001100000
0001100001111000
0001100010010001
0001100010101001
0001100011000010
0001100011011011
0001100011110100
0001100100001101
0001100100100110
0001100100111111
0001100101011000
0001100101110010
0001100110001011
0001100110100101
0001100110111111
0001100111011000
0001100111110010
0001101000001100
0001101000100110
0001101001000001
0001101001011011
0001101001110101
0001101010010000
0001101010101010
0001101011000101
0001101011100000
0001101011111011
0001101100010110
0001101100110001
0001101101001100
0001101101101000
0001101110000011
0001101110011111
0001101110111010
0001101111010110
0001101111110010
0001110000001110
0001110000101010
0001110001000110
0001110001100011
0001110001111111
0001110010011100
0001110010111000
0001110011010101
0001110011110010
0001110100001111
0001110100101100
0001110101001001
0001110101100111
0001110110000100
0001110110100010
0001110111000000
0001110111011101
0001110111111011
0001111000011001
0001111000110111
0001111001010110
0001111001110100
0001111010010011
0001111010110001
0001111011010000
0001111011101111
0001111100001110
0001111100101101
0001111101001100
0001111101101100
0001111110001011
0001111110101011
0001111111001010
0001111111101010
0010000000001010
0010000000101010
0010000001001011
0010000001101011
0010000010001011
0010000010101100
0010000011001101
0010000011101110
0010000100001111
0010000100110000
0010000101010001
0010000101110010
0010000110010100
0010000110110110
0010000111010111
0010000111111001
0010001000011011
0010001000111110
0010001001100000
0010001010000010
0010001010100101
0010001011001000
0010001011101010
0010001100001101
0010001100110001
0010001101010100
0010001101110111
0010001110011011
0010001110111110
0010001111100010
0010010000000110
0010010000101010
0010010001001110
0010010001110011
0010010010010111
0010010010111100
0010010011100001
0010010100000110
0010010100101011
0010010101010000
0010010101110110
0010010110011011
0010010111000001
0010010111100111
0010011000001101
0010011000110011
0010011001011001
0010011001111111
0010011010100110
0010011011001101
0010011011110100
0010011100011011
0010011101000010
0010011101101001
0010011110010001
0010011110111000
0010011111100000
0010100000001000
0010100000110000
0010100001011000
0010100010000001
0010100010101001
0010100011010010
0010100011111011
0010100100100100
0010100101001101
0010100101110111
0010100110100000
0010100111001010
0010100111110100
0010101000011110
0010101001001000
0010101001110010
0010101010011101
0010101011001000
0010101011110011
0010101100011110
0010101101001001
0010101101110100
0010101110100000
0010101111001011
0010101111110111
0010110000100011
0010110001010000
0010110001111100
0010110010101001
0010110011010101
0010110100000010
0010110100101111
0010110101011101
0010110110001010
0010110110111000
0010110111100101
0010111000010011
0010111001000010
0010111001110000
0010111010011110
0010111011001101
0010111011111100
0010111100101011
0010111101011010
0010111110001010
0010111110111010
0010111111101001
0011000000011001
0011000001001010
0011000001111010
0011000010101011
0011000011011011
0011000100001100
0011000100111101
0011000101101111
0011000110100000
0011000111010010
0011001000000100
0011001000110110
0011001001101000
0011001010011011
0011001011001110
0011001100000000
0011001100110100
0011001101100111
0011001110011010
0011001111001110
0011010000000010
0011010000110110
0011010001101010
0011010010011111
0011010011010100
0011010100001001
0011010100111110
0011010101110011
0011010110101001
0011010111011110
0011011000010100
0011011001001011
0011011010000001
0011011010111000
0011011011101110
0011011100100101
0011011101011101
0011011110010100
0011011111001100
0011100000000100
0011100000111100
0011100001110100
0011100010101101
0011100011100110
0011100100011111
0011100101011000
0011100110010001
0011100111001011
0011101000000101
0011101000111111
0011101001111001
0011101010110100
0011101011101111
0011101100101010
0011101101100101
0011101110100001
0011101111011100
0011110000011000
0011110001010101
0011110010010001
0011110011001110
0011110100001011
0011110101001000
0011110110000101
0011110111000011
0011111000000001
0011111000111111
0011111001111101
0011111010111100
0011111011111011
0011111100111010
0011111101111001
0011111110111001
0011111111111001
0100000000111001
0100000001111001
0100000010111010
0100000011111010
0100000100111100
0100000101111101
0100000110111111
0100001000000000
0100001001000011
0100001010000101
0100001011001000
0100001100001010
0100001101001110
0100001110010001
0100001111010101
0100010000011001
0100010001011101
0100010010100010
0100010011100110
0100010100101011
0100010101110001
0100010110110110
0100010111111100
0100011001000010
0100011010001001
0100011011001111
0100011100010110
0100011101011101
0100011110100101
0100011111101101
0100100000110101
0100100001111101
0100100011000110
0100100100001111
0100100101011000
0100100110100001
0100100111101011
0100101000110101
0100101010000000
0100101011001010
0100101100010101
0100101101100000
0100101110101100
0100101111111000
0100110001000100
0100110010010000
0100110011011101
0100110100101010
0100110101110111
0100110111000101
0100111000010011
0100111001100001
0100111010110000
0100111011111110
0100111101001110
0100111110011101
0100111111101101
0101000000111101
0101000010001101
0101000011011110
0101000100101111
0101000110000000
0101000111010010
0101001000100100
0101001001110110
0101001011001001
0101001100011100
0101001101101111
0101001111000011
0101010000010111
0101010001101011
0101010011000000
0101010100010100
0101010101101010
0101010110111111
0101011000010101
0101011001101011
0101011011000010
0101011100011001
0101011101110000
0101011111001000
0101100000100000
0101100001111000
0101100011010001
0101100100101010
0101100110000011
0101100111011101
0101101000110111
0101101010010001
0101101011101100
0101101101000111
0101101110100011
0101101111111110
0101110001011011
0101110010110111
0101110100010100
0101110101110001
0101110111001111
0101111000101101
0101111010001011
0101111011101010
0101111101001001
0101111110101001
0110000000001000
0110000001101001
0110000011001001
0110000100101010
0110000110001100
0110000111101101
0110001001001111
0110001010110010
0110001100010101
0110001101111000
0110001111011100
0110010001000000
0110010010100100
0110010100001001
0110010101101110
0110010111010100
0110011000111010
0110011010100000
0110011100000111
0110011101101110
0110011111010110
0110100000111110
0110100010100111
0110100100001111
0110100101111001
0110100111100010
0110101001001100
0110101010110111
0110101100100010
0110101110001101
0110101111111001
0110110001100101
0110110011010010
0110110100111111
0110110110101100
0110111000011010
0110111010001001
0110111011110111
0110111101100110
0110111111010110
0111000001000110
0111000010110111
0111000100101000
0111000110011001
0111001000001011
0111001001111101
0111001011110000
0111001101100011
0111001111010111
0111010001001011
0111010010111111
0111010100110100
0111010110101010
0111011000011111
0111011010010110
0111011100001101
0111011110000100
0111011111111100
0111100001110100
0111100011101101
0111100101100110
0111100111011111
0111101001011001
0111101011010100
0111101101001111
0111101111001011
0111110001000111
0111110011000011
0111110101000000
0111110110111110
0111111000111100
0111111010111010
0111111100111001
0111111110111001
1000000000111001
1000000010111001
1000000100111010
1000000110111100
1000001000111110
1000001011000000
1000001101000011
1000001111000111
1000010001001011
1000010011001111
1000010101010100
1000010111011010
1000011001100000
1000011011100111
1000011101101110
1000011111110101
1000100001111110
1000100100000110
1000100110010000
1000101000011010
1000101010100100
1000101100101111
1000101110111010
1000110001000110
1000110011010011
1000110101100000
1000110111101110
1000111001111100
1000111100001011
1000111110011010
1001000000101010
1001000010111010
1001000101001011
1001000111011101
1001001001101111
1001001100000010
1001001110010101
1001010000101001
1001010010111101
1001010101010010
1001010111101000
1001011001111110
1001011100010101
1001011110101100
1001100001000100
1001100011011101
1001100101110110
1001101000010000
1001101010101010
1001101101000101
1001101111100001
1001110001111101
1001110100011010
1001110110110111
1001111001010101
1001111011110100
1001111110010011
1010000000110011
1010000011010011
1010000101110101
1010001000010110
1010001010111001
1010001101011100
1010001111111111
1010010010100100
1010010101001001
1010010111101110
1010011010010101
1010011100111011
1010011111100011
1010100010001011
1010100100110100
1010100111011110
1010101010001000
1010101100110011
1010101111011110
1010110010001010
1010110100110111
1010110111100101
1010111010010011
1010111101000010
1010111111110010
1011000010100010
1011000101010011
1011001000000101
1011001010110111
1011001101101010
1011010000011110
1011010011010010
1011010110000111
1011011000111101
1011011011110100
1011011110101011
1011100001100011
1011100100011100
1011100111010110
1011101010010000
1011101101001011
1011110000000110
1011110011000011
1011110110000000
1011111000111110
1011111011111100
1011111110111100
1100000001111100
1100000100111101
1100000111111110
1100001011000001
1100001110000100
1100010001001000
1100010100001100
1100010111010010
1100011010011000
1100011101011111
1100100000100111
1100100011101111
1100100110111001
1100101010000011
1100101101001110
1100110000011001
1100110011100110
1100110110110011
1100111010000001
1100111101010000
1101000000100000
1101000011110000
1101000111000010
1101001010010100
1101001101100111
1101010000111011
1101010100001111
1101010111100101
1101011010111011
1101011110010010
1101100001101010
1101100101000011
1101101000011101
1101101011110111
1101101111010011
1101110010101111
1101110110001100
1101111001101010
1101111101001001
1110000000101001
1110000100001001
1110000111101011
1110001011001101
1110001110110000
1110010010010101
1110010101111010
1110011001100000
1110011101000110
1110100000101110
1110100100010111
1110101000000000
1110101011101011
1110101111010110
1110110011000010
1110110110110000
1110111010011110
1110111110001101
1111000001111101
1111000101101110
1111001001100000
1111001101010011
1111010001000110
1111010100111011
1111011000110001
1111011100101000
1111100000011111
1111100100011000
1111101000010001
1111101100001100
1111110000000111
1111110100000100
1111111000000001
1111111100000000
